  -GLNHIRST-
# peptide group, NMA, CASPT2+RF, calc. energy, max. 4 transitions
3
       1.2270      0.0000      0.0000      1.0000   # CD
       0.0000      0.0000      0.0000      1.0000   # OE1
       1.9405      1.1917      0.0000      1.0000   # NE2
&TRANSITION 1->...
 32     45455.       # 220 nm   No. monopoles, Energy for 1->2
       0.0000      0.0000      0.2260   1.000  # Electr. mom., scale fac.
      -0.8653     -0.1281      0.0000          # Magnetic mom.
       1.18279936     -0.05639013      0.05291770   -400.30447238
       1.18279936     -0.05639013     -0.05291770    400.30447238
       1.28839029     -0.04920080      0.05291770    430.73015155
       1.28839029     -0.04920080     -0.05291770   -430.73015155
       1.17561003      0.04920080      0.05291770    410.10740554
       1.17561003      0.04920080     -0.05291770   -410.10740554
       1.28120096      0.05639013      0.05291770   -443.62231517
       1.28120096      0.05639013     -0.05291770    443.62231517
       1.89699231      1.10451252      0.05291770    153.96255523
       1.89699231      1.10451252     -0.05291770   -153.96255523
       2.00258325      1.11170185      0.05291770   -123.07509158
       2.00258325      1.11170185     -0.05291770    123.07509158
       1.88980298      1.21010345      0.05291770   -134.61435581
       1.88980298      1.21010345     -0.05291770    134.61435581
       1.99539392      1.21729278      0.05291770    109.91448293
       1.99539392      1.21729278     -0.05291770   -109.91448293
      -0.04920080     -0.05639013      0.05291770     13.72616659
      -0.04920080     -0.05639013     -0.05291770    -13.72616659
       0.05639013     -0.04920080      0.05291770     27.29103427
       0.05639013     -0.04920080     -0.05291770    -27.29103427
      -0.05639013      0.04920080      0.05291770    -11.59018061
      -0.05639013      0.04920080     -0.05291770     11.59018061
       0.04920080      0.05639013      0.05291770    -30.10206874
       0.04920080      0.05639013     -0.05291770     30.10206874
       2.90654718      1.07454875      0.05291770     10.19763830
       2.90654718      1.07454875     -0.05291770    -10.19763830
       3.01213812      1.08173808      0.05291770     -5.62237133
       3.01213812      1.08173808     -0.05291770      5.62237133
       2.89935786      1.18013969      0.05291770    -12.37876867
       2.89935786      1.18013969     -0.05291770     12.37876867
       3.00494879      1.18732902      0.05291770      7.31004994
       3.00494879      1.18732902     -0.05291770     -7.31004994
 20      52632.   # 190 nm   No. monopoles, Energy for 1->3
       2.0946      2.0200      0.0000   1.000  # Electr. mom., scale fac.
       0.0000      0.0000      0.4070          # Magnetic mom.
       1.23200016      0.00000000      0.00000000    642.40408944
       1.94619312      1.16090265      0.00000000    158.53920360
       0.00000000      0.00000000      0.00000000   -469.54157117
       2.95574799      1.13093888      0.00000000    -14.96076331
       1.23559483     -0.05279546      0.00000000   -218.75559974
       1.22840550      0.05279547      0.00000000   -255.18833347
       1.17920470     -0.00359466      0.00000000    -86.94717379
       1.28479563      0.00359467      0.00000000    -85.32901613
       1.94978778      1.10810718      0.00000000    -96.45712536
       1.94259846      1.21369812      0.00000000    -93.33972850
       1.89339765      1.15730798      0.00000000     28.90600234
       1.99898859      1.16449731      0.00000000      4.62135010
       0.00359466     -0.05279546      0.00000000     71.72831381
      -0.00359466      0.05279546      0.00000000     73.30680235
      -0.05279547     -0.00359467      0.00000000    152.02763434
       0.05279547      0.00359466      0.00000000    172.99458115
       2.95934265      1.07814342      0.00000000    -22.22736912
       2.95215332      1.18373435      0.00000000    -23.65374931
       2.90295252      1.12734422      0.00000000     37.58618381
       3.00854345      1.13453355      0.00000000     24.28626888
 20      77263.   # 129 nm   No. monopoles, Energy for 1->4
       1.9656     -1.6503      0.0000   1.000  # Electr. mom., scale fac.
       0.0000      0.0000     -0.1300          # Magnetic mom.
       1.23200016      0.00000000      0.00000000  -1703.15869944
       1.94619312      1.16090265      0.00000000   1619.35097467
       0.00000000      0.00000000      0.00000000    -99.55595117
       2.95574799      1.13093888      0.00000000    -84.57038261
       1.23559483     -0.05279546      0.00000000    166.07251378
       1.22840550      0.05279547      0.00000000    232.57723507
       1.17920470     -0.00359466      0.00000000    655.88715922
       1.28479563      0.00359467      0.00000000    662.27420592
       1.94978778      1.10810718      0.00000000   -365.92670328
       1.94259846      1.21369812      0.00000000   -286.04938469
       1.89339765      1.15730798      0.00000000   -481.86270562
       1.99898859      1.16449731      0.00000000   -497.92909459
       0.00359466     -0.05279546      0.00000000     58.52791310
      -0.00359466      0.05279546      0.00000000     58.35048730
      -0.05279547     -0.00359467      0.00000000      7.30776413
       0.05279547      0.00359466      0.00000000    -30.55674038
       2.95934265      1.07814342      0.00000000     -9.01594858
       2.95215332      1.18373435      0.00000000     -8.12517590
       2.90295252      1.12734422      0.00000000     68.26088256
       3.00854345      1.13453355      0.00000000     38.14165056
 32      81537.   # 123 nm   No. monopoles, Energy for 1->5
       0.0000      0.0000      0.6720   1.000  # Electr. mom., scale fac.
      -0.0462      1.4592      0.0000          # Magnetic mom.
       1.18279936     -0.05639013      0.05291770    304.55604960
       1.18279936     -0.05639013     -0.05291770   -304.55604960
       1.28839029     -0.04920080      0.05291770   -341.41011384
       1.28839029     -0.04920080     -0.05291770    341.41011384
       1.17561003      0.04920080      0.05291770   -284.39528558
       1.17561003      0.04920080     -0.05291770    284.39528558
       1.28120096      0.05639013      0.05291770    329.38189248
       1.28120096      0.05639013     -0.05291770   -329.38189248
       1.89699231      1.10451252      0.05291770   -179.85364781
       1.89699231      1.10451252     -0.05291770    179.85364781
       2.00258325      1.11170185      0.05291770    154.48370894
       2.00258325      1.11170185     -0.05291770   -154.48370894
       1.88980298      1.21010345      0.05291770    156.01213200
       1.88980298      1.21010345     -0.05291770   -156.01213200
       1.99539392      1.21729278      0.05291770   -135.44893766
       1.99539392      1.21729278     -0.05291770    135.44893766
      -0.04920080     -0.05639013      0.05291770     53.52046109
      -0.04920080     -0.05639013     -0.05291770    -53.52046109
       0.05639013     -0.04920080      0.05291770    -64.03731139
       0.05639013     -0.04920080     -0.05291770     64.03731139
      -0.05639013      0.04920080      0.05291770    -12.62446795
      -0.05639013      0.04920080     -0.05291770     12.62446795
       0.04920080      0.05639013      0.05291770     27.13389941
       0.04920080      0.05639013     -0.05291770    -27.13389941
       2.90654718      1.07454875      0.05291770    -12.64745573
       2.90654718      1.07454875     -0.05291770     12.64745573
       3.01213812      1.08173808      0.05291770      7.65687974
       3.01213812      1.08173808     -0.05291770     -7.65687974
       2.89935786      1.18013969      0.05291770     11.35925530
       2.89935786      1.18013969     -0.05291770    -11.35925530
       3.00494879      1.18732902      0.05291770     -7.22447045
       3.00494879      1.18732902     -0.05291770      7.22447045
&TRANSITION 2->...
 32      0.          # No. monopoles, Energy for 2->3
       0.0000      0.0000      0.0910   1.000  # Electr. mom., scale fac.
      -0.4565     -0.0381      0.0000          # Magnetic mom.
       1.18279936     -0.05639013      0.05291770    -21.27033336
       1.18279936     -0.05639013     -0.05291770     21.27033336
       1.28839029     -0.04920080      0.05291770     20.48866829
       1.28839029     -0.04920080     -0.05291770    -20.48866829
       1.17561003      0.04920080      0.05291770     27.22711536
       1.17561003      0.04920080     -0.05291770    -27.22711536
       1.28120096      0.05639013      0.05291770    -26.73259200
       1.28120096      0.05639013     -0.05291770     26.73259200
       1.89699231      1.10451252      0.05291770     30.09151896
       1.89699231      1.10451252     -0.05291770    -30.09151896
       2.00258325      1.11170185      0.05291770    -15.91271021
       2.00258325      1.11170185     -0.05291770     15.91271021
       1.88980298      1.21010345      0.05291770    -28.33544203
       1.88980298      1.21010345     -0.05291770     28.33544203
       1.99539392      1.21729278      0.05291770     16.53924250
       1.99539392      1.21729278     -0.05291770    -16.53924250
      -0.04920080     -0.05639013      0.05291770    -13.75192800
      -0.04920080     -0.05639013     -0.05291770     13.75192800
       0.05639013     -0.04920080      0.05291770     -7.66342963
       0.05639013     -0.04920080     -0.05291770      7.66342963
      -0.05639013      0.04920080      0.05291770     14.57772437
      -0.05639013      0.04920080     -0.05291770    -14.57772437
       0.04920080      0.05639013      0.05291770      6.46690224
       0.04920080      0.05639013     -0.05291770     -6.46690224
       2.90654718      1.07454875      0.05291770     -0.20193773
       2.90654718      1.07454875     -0.05291770      0.20193773
       3.01213812      1.08173808      0.05291770      0.67531666
       3.01213812      1.08173808     -0.05291770     -0.67531666
       2.89935786      1.18013969      0.05291770     -1.83294518
       2.89935786      1.18013969     -0.05291770      1.83294518
       3.00494879      1.18732902      0.05291770      0.56763010
       3.00494879      1.18732902     -0.05291770     -0.56763010
 32      0.          # No. monopoles, Energy for 2->4
       0.0000      0.0000      0.0650   1.000  # Electr. mom., scale fac.
      -0.3980      0.0741      0.0000          # Magnetic mom.
       1.18279936     -0.05639013      0.05291770   -263.77365552
       1.18279936     -0.05639013     -0.05291770    263.77365552
       1.28839029     -0.04920080      0.05291770    274.42619938
       1.28839029     -0.04920080     -0.05291770   -274.42619938
       1.17561003      0.04920080      0.05291770    265.31973922
       1.17561003      0.04920080     -0.05291770   -265.31973922
       1.28120096      0.05639013      0.05291770   -277.89037848
       1.28120096      0.05639013     -0.05291770    277.89037848
       1.89699231      1.10451252      0.05291770     26.74234978
       1.89699231      1.10451252     -0.05291770    -26.74234978
       2.00258325      1.11170185      0.05291770    -17.94409810
       2.00258325      1.11170185     -0.05291770     17.94409810
       1.88980298      1.21010345      0.05291770    -18.52312210
       1.88980298      1.21010345     -0.05291770     18.52312210
       1.99539392      1.21729278      0.05291770     11.94351326
       1.99539392      1.21729278     -0.05291770    -11.94351326
      -0.04920080     -0.05639013      0.05291770    -28.75162061
      -0.04920080     -0.05639013     -0.05291770     28.75162061
       0.05639013     -0.04920080      0.05291770     17.75462304
       0.05639013     -0.04920080     -0.05291770    -17.75462304
      -0.05639013      0.04920080      0.05291770     27.13598059
      -0.05639013      0.04920080     -0.05291770    -27.13598059
       0.04920080      0.05639013      0.05291770    -16.05036562
       0.04920080      0.05639013     -0.05291770     16.05036562
       2.90654718      1.07454875      0.05291770     -2.47136362
       2.90654718      1.07454875     -0.05291770      2.47136362
       3.01213812      1.08173808      0.05291770      2.59044322
       3.01213812      1.08173808     -0.05291770     -2.59044322
       2.89935786      1.18013969      0.05291770      1.96531589
       2.89935786      1.18013969     -0.05291770     -1.96531589
       3.00494879      1.18732902      0.05291770     -2.05375536
       3.00494879      1.18732902     -0.05291770      2.05375536
 20      0.          # No. monopoles, Energy for 2->5
      -0.1987     -0.3493      0.0000   1.000  # Electr. mom., scale fac.
       0.0000      0.0000      0.9810          # Magnetic mom.
       1.23200016      0.00000000      0.00000000   1113.45046344
       1.94619312      1.16090265      0.00000000   -131.07728198
       0.00000000      0.00000000      0.00000000   -413.74329168
       2.95574799      1.13093888      0.00000000   -130.79868643
       1.23559483     -0.05279546      0.00000000      4.78789915
       1.22840550      0.05279547      0.00000000     16.61270866
       1.17920470     -0.00359466      0.00000000   -609.99741677
       1.28479563      0.00359467      0.00000000   -531.50708712
       1.94978778      1.10810718      0.00000000     25.28720717
       1.94259846      1.21369812      0.00000000     24.20231515
       1.89339765      1.15730798      0.00000000     42.67713202
       1.99898859      1.16449731      0.00000000     37.75688760
       0.00359466     -0.05279546      0.00000000     15.40881187
      -0.00359466      0.05279546      0.00000000    -10.87824754
      -0.05279547     -0.00359467      0.00000000    176.07611232
       0.05279547      0.00359466      0.00000000    239.67289426
       2.95934265      1.07814342      0.00000000      9.66810773
       2.95215332      1.18373435      0.00000000      8.42842608
       2.90295252      1.12734422      0.00000000     64.61317445
       3.00854345      1.13453355      0.00000000     49.35987158
&TRANSITION 3->...
 20      0.          # No. monopoles, Energy for 3->4
      -0.9256     -1.0673      0.0000   1.000  # Electr. mom., scale fac.
       0.0000      0.0000      0.0240          # Magnetic mom.
       1.23200016      0.00000000      0.00000000   -224.33013475
       1.94619312      1.16090265      0.00000000    596.05507637
       0.00000000      0.00000000      0.00000000     16.13042362
       2.95574799      1.13093888      0.00000000   -130.32901910
       1.23559483     -0.05279546      0.00000000    -72.01067338
       1.22840550      0.05279547      0.00000000    -60.89622989
       1.17920470     -0.00359466      0.00000000    189.29534477
       1.28479563      0.00359467      0.00000000    171.58355746
       1.94978778      1.10810718      0.00000000   -205.79913941
       1.94259846      1.21369812      0.00000000   -175.57783862
       1.89339765      1.15730798      0.00000000   -111.26461186
       1.99898859      1.16449731      0.00000000   -107.82166810
       0.00359466     -0.05279546      0.00000000      1.50495053
      -0.00359466      0.05279546      0.00000000      2.66966078
      -0.05279547     -0.00359467      0.00000000     -7.46332848
       0.05279547      0.00359466      0.00000000    -13.86979570
       2.95934265      1.07814342      0.00000000     14.33164008
       2.95215332      1.18373435      0.00000000     12.59221632
       2.90295252      1.12734422      0.00000000     61.22501342
       3.00854345      1.13453355      0.00000000     43.97455589
 32      0.          # No. monopoles, Energy for 3->5
       0.0000      0.0000     -0.2180   1.000  # Electr. mom., scale fac.
      -0.0248      0.4033      0.0000          # Magnetic mom.
       1.18279936     -0.05639013      0.05291770      8.68549224
       1.18279936     -0.05639013     -0.05291770     -8.68549224
       1.28839029     -0.04920080      0.05291770    -13.41047861
       1.28839029     -0.04920080     -0.05291770     13.41047861
       1.17561003      0.04920080      0.05291770    -12.89275872
       1.17561003      0.04920080     -0.05291770     12.89275872
       1.28120096      0.05639013      0.05291770     19.18608019
       1.28120096      0.05639013     -0.05291770    -19.18608019
       1.89699231      1.10451252      0.05291770    -60.42946344
       1.89699231      1.10451252     -0.05291770     60.42946344
       2.00258325      1.11170185      0.05291770     56.19428846
       2.00258325      1.11170185     -0.05291770    -56.19428846
       1.88980298      1.21010345      0.05291770     58.50398059
       1.88980298      1.21010345     -0.05291770    -58.50398059
       1.99539392      1.21729278      0.05291770    -54.25553741
       1.99539392      1.21729278     -0.05291770     54.25553741
      -0.04920080     -0.05639013      0.05291770    -10.41469464
      -0.04920080     -0.05639013     -0.05291770     10.41469464
       0.05639013     -0.04920080      0.05291770      9.27134952
       0.05639013     -0.04920080     -0.05291770     -9.27134952
      -0.05639013      0.04920080      0.05291770     -8.50324594
      -0.05639013      0.04920080     -0.05291770      8.50324594
       0.04920080      0.05639013      0.05291770      6.58547904
       0.04920080      0.05639013     -0.05291770     -6.58547904
       2.90654718      1.07454875      0.05291770     -5.30911013
       2.90654718      1.07454875     -0.05291770      5.30911013
       3.01213812      1.08173808      0.05291770      3.60118733
       3.01213812      1.08173808     -0.05291770     -3.60118733
       2.89935786      1.18013969      0.05291770      4.02481978
       2.89935786      1.18013969     -0.05291770     -4.02481978
       3.00494879      1.18732902      0.05291770     -2.90054578
       3.00494879      1.18732902     -0.05291770      2.90054578
&TRANSITION 4->...
 32      0.          # No. monopoles, Energy for 4->5
       0.0000      0.0000     -0.1530   1.000  # Electr. mom., scale fac.
      -0.0515      0.0937      0.0000          # Magnetic mom.
       1.18279936     -0.05639013      0.05291770    269.47795229
       1.18279936     -0.05639013     -0.05291770   -269.47795229
       1.28839029     -0.04920080      0.05291770   -294.67667107
       1.28839029     -0.04920080     -0.05291770    294.67667107
       1.17561003      0.04920080      0.05291770   -249.91637923
       1.17561003      0.04920080     -0.05291770    249.91637923
       1.28120096      0.05639013      0.05291770    281.88133330
       1.28120096      0.05639013     -0.05291770   -281.88133330
       1.89699231      1.10451252      0.05291770    -70.47501590
       1.89699231      1.10451252     -0.05291770     70.47501590
       2.00258325      1.11170185      0.05291770     54.28431187
       2.00258325      1.11170185     -0.05291770    -54.28431187
       1.88980298      1.21010345      0.05291770     51.13392677
       1.88980298      1.21010345     -0.05291770    -51.13392677
       1.99539392      1.21729278      0.05291770    -38.70149208
       1.99539392      1.21729278     -0.05291770     38.70149208
      -0.04920080     -0.05639013      0.05291770     31.45952626
      -0.04920080     -0.05639013     -0.05291770    -31.45952626
       0.05639013     -0.04920080      0.05291770    -44.41459896
       0.05639013     -0.04920080     -0.05291770     44.41459896
      -0.05639013      0.04920080      0.05291770    -41.62795771
      -0.05639013      0.04920080     -0.05291770     41.62795771
       0.04920080      0.05639013      0.05291770     50.78804875
       0.04920080      0.05639013     -0.05291770    -50.78804875
       2.90654718      1.07454875      0.05291770      0.74439950
       2.90654718      1.07454875     -0.05291770     -0.74439950
       3.01213812      1.08173808      0.05291770     -1.65558168
       3.01213812      1.08173808     -0.05291770      1.65558168
       2.89935786      1.18013969      0.05291770     -1.25588395
       2.89935786      1.18013969     -0.05291770      1.25588395
       3.00494879      1.18732902      0.05291770      1.76095450
       3.00494879      1.18732902     -0.05291770     -1.76095450
&PERMANENT MOMENTS
 20         0.000    # No. monopoles, Energy for 1->1
       4.2380      0.9391      0.0000          # Electr. mom.
       1.23200016      0.00000000      0.00000000   -812.58275083
       1.94619312      1.16090265      0.00000000  -1360.71734117
       0.00000000      0.00000000      0.00000000      4.67172106
       2.95574799      1.13093888      0.00000000      1.58933573
       1.23559483     -0.05279546      0.00000000    229.39886726
       1.22840550      0.05279547      0.00000000    230.41488235
       1.17920470     -0.00359466      0.00000000    169.50027600
       1.28479563      0.00359467      0.00000000    184.91959219
       1.94978778      1.10810718      0.00000000    441.44462501
       1.94259846      1.21369812      0.00000000    451.18389893
       1.89339765      1.15730798      0.00000000    250.65716616
       1.99898859      1.16449731      0.00000000    215.64091435
       0.00359466     -0.05279546      0.00000000    -83.18991720
      -0.00359466      0.05279546      0.00000000    -84.45894979
      -0.05279547     -0.00359467      0.00000000     72.07422850
       0.05279547      0.00359466      0.00000000     89.00187850
       2.95934265      1.07814342      0.00000000    -22.61800402
       2.95215332      1.18373435      0.00000000    -19.09207786
       2.90295252      1.12734422      0.00000000     23.22053184
       3.00854345      1.13453355      0.00000000     18.94112294
 20         0.000    # No. monopoles, Energy for 2->2
       1.8369      0.5641      0.0000          # Electr. mom.
       1.23200016      0.00000000      0.00000000  -1328.96236555
       1.94619312      1.16090265      0.00000000  -1285.34081971
       0.00000000      0.00000000      0.00000000   -641.18185522
       2.95574799      1.13093888      0.00000000   -118.59380251
       1.23559483     -0.05279546      0.00000000    326.20632830
       1.22840550      0.05279547      0.00000000    349.15180214
       1.17920470     -0.00359466      0.00000000    340.76081530
       1.28479563      0.00359467      0.00000000    314.68019270
       1.94978778      1.10810718      0.00000000    519.08396966
       1.94259846      1.21369812      0.00000000    513.64964544
       1.89339765      1.15730798      0.00000000    139.40191387
       1.99898859      1.16449731      0.00000000    110.31686342
       0.00359466     -0.05279546      0.00000000    175.93381142
      -0.00359466      0.05279546      0.00000000    173.03668166
      -0.05279547     -0.00359467      0.00000000    139.11419222
       0.05279547      0.00359466      0.00000000    151.44310680
       2.95934265      1.07814342      0.00000000     10.79310994
       2.95215332      1.18373435      0.00000000     15.25185696
       2.90295252      1.12734422      0.00000000     52.35670589
       3.00854345      1.13453355      0.00000000     42.89784734
 20         0.000    # No. monopoles, Energy for 3->3
       4.3278      3.3587      0.0000          # Electr. mom.
       1.23200016      0.00000000      0.00000000   2180.40312173
       1.94619312      1.16090265      0.00000000  -3731.27621410
       0.00000000      0.00000000      0.00000000   -547.15314888
       2.95574799      1.13093888      0.00000000    139.47739771
       1.23559483     -0.05279546      0.00000000    -85.05426269
       1.22840550      0.05279547      0.00000000   -183.15244560
       1.17920470     -0.00359466      0.00000000   -969.11393054
       1.28479563      0.00359467      0.00000000   -961.41796454
       1.94978778      1.10810718      0.00000000   1117.56705835
       1.94259846      1.21369812      0.00000000    986.31171816
       1.89339765      1.15730798      0.00000000    842.51926526
       1.99898859      1.16449731      0.00000000    801.36922786
       0.00359466     -0.05279546      0.00000000    -43.70262432
      -0.00359466      0.05279546      0.00000000    -48.47019806
      -0.05279547     -0.00359467      0.00000000    276.63936970
       0.05279547      0.00359466      0.00000000    368.22668842
       2.95934265      1.07814342      0.00000000    -17.75861582
       2.95215332      1.18373435      0.00000000    -11.64643574
       2.90295252      1.12734422      0.00000000    -74.83167504
       3.00854345      1.13453355      0.00000000    -38.93633198
 20         0.000    # No. monopoles, Energy for 4->4
       3.7456      2.4150      0.0000          # Electr. mom.
       1.23200016      0.00000000      0.00000000   -260.14079986
       1.94619312      1.16090265      0.00000000  -2190.12727282
       0.00000000      0.00000000      0.00000000   -200.62290605
       2.95574799      1.13093888      0.00000000    -34.61808715
       1.23559483     -0.05279546      0.00000000    222.98184518
       1.22840550      0.05279547      0.00000000    181.75163376
       1.17920470     -0.00359466      0.00000000    -67.85581272
       1.28479563      0.00359467      0.00000000    -84.04277952
       1.94978778      1.10810718      0.00000000    788.66882933
       1.94259846      1.21369812      0.00000000    735.46118726
       1.89339765      1.15730798      0.00000000    370.82722037
       1.99898859      1.16449731      0.00000000    298.98611304
       0.00359466     -0.05279546      0.00000000   -111.97452432
      -0.00359466      0.05279546      0.00000000   -113.20406861
      -0.05279547     -0.00359467      0.00000000    185.65876877
       0.05279547      0.00359466      0.00000000    241.18108718
       2.95934265      1.07814342      0.00000000    -26.14268237
       2.95215332      1.18373435      0.00000000    -19.85504122
       2.90295252      1.12734422      0.00000000     46.47790934
       3.00854345      1.13453355      0.00000000     36.58938024
 20         0.000    # No. monopoles, Energy for 5->5
       1.4002      0.6185      0.0000          # Electr. mom.
       1.23200016      0.00000000      0.00000000  -1266.28504901
       1.94619312      1.16090265      0.00000000  -1381.31372174
       0.00000000      0.00000000      0.00000000   -454.19860858
       2.95574799      1.13093888      0.00000000   -111.45680765
       1.23559483     -0.05279546      0.00000000    317.08993123
       1.22840550      0.05279547      0.00000000    331.58666275
       1.17920470     -0.00359466      0.00000000    328.95336106
       1.28479563      0.00359467      0.00000000    290.27543381
       1.94978778      1.10810718      0.00000000    535.40478230
       1.94259846      1.21369812      0.00000000    521.42985456
       1.89339765      1.15730798      0.00000000    175.99371355
       1.99898859      1.16449731      0.00000000    146.76679819
       0.00359466     -0.05279546      0.00000000     -6.86363592
      -0.00359466      0.05279546      0.00000000     -7.93115698
      -0.05279547     -0.00359467      0.00000000    235.54430189
       0.05279547      0.00359466      0.00000000    231.20656896
       2.95934265      1.07814342      0.00000000     12.27677376
       2.95215332      1.18373435      0.00000000     16.89199507
       2.90295252      1.12734422      0.00000000     45.67492805
       3.00854345      1.13453355      0.00000000     38.95387469
