  -NMA99WDY-
#peptide group,NMA,INDO/S plus tweak, Woody & Sreerama JCP (1999)
3
       0.0000      0.0000      0.0000      1.0000   # C
       0.0000      0.0000      1.2300      1.0000   # O
       1.0810      0.0000     -0.7570      1.0000   # N
&TRANSITION 1->... # NMA99WDY
 12    45455.0     # 223 nm, No. monopoles, Energy 1->2
       0.0000      0.0000      0.0000   1.000  # Electr. mom., scale fac.
       0.0904      0.0000     -0.9094          # Magnet. mom.
       0.6064          0.6064          1.2300         -0.4761
       0.6064         -0.6064          1.2300          0.4761
      -0.6064         -0.6064          1.2300         -0.4761
      -0.6064          0.6064          1.2300          0.4761
       0.8470          0.8470          0.0000         -0.1318
       0.8470         -0.8470          0.0000          0.1318
      -0.8470         -0.8470          0.0000         -0.1318
      -0.8470          0.8470          0.0000          0.1318
       1.9633          0.7716         -0.7570          0.0000
       1.9633         -0.7716         -0.7570          0.0000
       0.4201         -0.7716         -0.7570          0.0000
       0.4201          0.7716         -0.7570          0.0000
  6     52632.     # 188 nm, No. monopoles, Energy 1->3
       2.4520      0.0000     -1.7490   1.000  # Electr. mom., scale fac.
       0.0000      0.0000      0.0000          # Magnet. mom.
       0.0000          1.0806          0.0000         -1.1211    1.4469     1.0496
       0.0000         -1.0806          0.0000         -1.1211    1.4469     1.0496
       0.0000          0.7737          1.2300         -0.0130   -0.7586    -1.1181
       0.0000         -0.7737          1.2300         -0.0130   -0.7586    -1.1181
       1.0810          0.9813         -0.7570          1.1341   -0.6883     0.0705
       1.0810         -0.9813         -0.7570          1.1341   -0.6883     0.0705
&TRANSITION 2->... # NMA99WDY
 12    0.0         # 0 nm, No. monopoles, Energy 2->3
       0.0000      0.0000      0.0000   1.000  # Electr. mom., scale fac.
       0.0000      0.0000      0.0000          # Magnet. mom.
       0.6064          0.6064          1.2300          0.4171
       0.6064         -0.6064          1.2300         -0.4171
      -0.6064         -0.6064          1.2300          0.4171
      -0.6064          0.6064          1.2300         -0.4171
       0.8470          0.8470          0.0000          0.0000
       0.8470         -0.8470          0.0000          0.0000
      -0.8470         -0.8470          0.0000          0.0000
      -0.8470          0.8470          0.0000          0.0000
       1.9633          0.7716         -0.6135         -0.0681
       1.9633         -0.7716         -0.6135          0.0681
       0.4201         -0.7716         -0.6135         -0.0681
       0.4201          0.7716         -0.6135          0.0681
&PERMANENT MOMENTS # NMA99WDY
  8    0.000       # 0 nm, No. monopoles, Energy 1->1
       4.2380      0.9391      0.0000          # Electr. mom.
       0.0000          1.0806          0.0000          1.0496
       0.0000         -1.0806          0.0000          1.0496
       0.0000          0.7737          1.2300         -1.1181
       0.0000         -0.7737          1.2300         -1.1181
       1.0810          0.9813         -0.7570          0.0705
       1.0810         -0.9813         -0.7570          0.0705
       1.0810          0.0000         -0.7570         -1.3000
       1.0460          0.0000         -1.7570          1.3000
  8    0.000       # 0 nm, No. monopoles, Energy 2->2
       4.2380      0.9391      0.0000          # Electr. mom.
       0.0000          1.0806          0.0000          1.0496
       0.0000         -1.0806          0.0000          1.0496
       0.0000          0.7737          1.2300         -1.1181
       0.0000         -0.7737          1.2300         -1.1181
       1.0810          0.9813         -0.7570          0.0705
       1.0810         -0.9813         -0.7570          0.0705
       1.0810          0.0000         -0.7570         -1.3000
       1.0460          0.0000         -1.7570          1.3000
  8    0.000       # 0 nm, No. monopoles, Energy 3->3
       4.2380      0.9391      0.0000          # Electr. mom.
       0.0000          1.0806          0.0000          1.0496
       0.0000         -1.0806          0.0000          1.0496
       0.0000          0.7737          1.2300         -1.1181
       0.0000         -0.7737          1.2300         -1.1181
       1.0810          0.9813         -0.7570          0.0705
       1.0810         -0.9813         -0.7570          0.0705
       1.0810          0.0000         -0.7570         -1.3000
       1.0460          0.0000         -1.7570          1.3000
