  -NMAVIB00-
3      #peptide vibrational parameter
       1.2270      0.0000      0.0000      1.0000   # C
       0.0000      0.0000      0.0000      1.0000   # O
       1.9405      1.1917      0.0000      1.0000   # N
&TRANSITION 1->... # NMAVIB00
 32    45455.0     # 220 nm, No. monopoles, Energy 1->2
       0.0000      0.0000      0.2260   1.000  # Electr. mom., scale fac.
      -0.8653     -0.1281      0.0000          # Magnet. mom.
       1.18279936     -0.05639013      0.05291770   -400.30447238
       1.18279936     -0.05639013     -0.05291770    400.30447238
       1.28839029     -0.04920080      0.05291770    430.73015155
       1.28839029     -0.04920080     -0.05291770   -430.73015155
       1.17561003      0.04920080      0.05291770    410.10740554
       1.17561003      0.04920080     -0.05291770   -410.10740554
       1.28120096      0.05639013      0.05291770   -443.62231517
       1.28120096      0.05639013     -0.05291770    443.62231517
       1.89699231      1.10451252      0.05291770    153.96255523
       1.89699231      1.10451252     -0.05291770   -153.96255523
       2.00258325      1.11170185      0.05291770   -123.07509158
       2.00258325      1.11170185     -0.05291770    123.07509158
       1.88980298      1.21010345      0.05291770   -134.61435581
       1.88980298      1.21010345     -0.05291770    134.61435581
       1.99539392      1.21729278      0.05291770    109.91448293
       1.99539392      1.21729278     -0.05291770   -109.91448293
      -0.04920080     -0.05639013      0.05291770     13.72616659
      -0.04920080     -0.05639013     -0.05291770    -13.72616659
       0.05639013     -0.04920080      0.05291770     27.29103427
       0.05639013     -0.04920080     -0.05291770    -27.29103427
      -0.05639013      0.04920080      0.05291770    -11.59018061
      -0.05639013      0.04920080     -0.05291770     11.59018061
       0.04920080      0.05639013      0.05291770    -30.10206874
       0.04920080      0.05639013     -0.05291770     30.10206874
       2.90654718      1.07454875      0.05291770     10.19763830
       2.90654718      1.07454875     -0.05291770    -10.19763830
       3.01213812      1.08173808      0.05291770     -5.62237133
       3.01213812      1.08173808     -0.05291770      5.62237133
       2.89935786      1.18013969      0.05291770    -12.37876867
       2.89935786      1.18013969     -0.05291770     12.37876867
       3.00494879      1.18732902      0.05291770      7.31004994
       3.00494879      1.18732902     -0.05291770     -7.31004994
 20    50761.0     # 197 nm, No. monopoles, Energy 1->3_v1
       1.2987      1.2524      0.0000   1.000  # Electr. mom., scale fac.
       0.0000      0.0000      0.4070          # Magnet. mom.
       1.23200016      0.00000000      0.00000000    398.29053550
       1.94619312      1.16090265      0.00000000     98.29430623
       0.00000000      0.00000000      0.00000000   -291.11577410
       2.95574799      1.13093888      0.00000000     -9.27567325
       1.23559483     -0.05279546      0.00000000   -135.62847180
       1.22840550      0.05279547      0.00000000   -158.21676680
       1.17920470     -0.00359466      0.00000000    -53.90724775
       1.28479563      0.00359467      0.00000000    -52.90399000
       1.94978778      1.10810718      0.00000000    -59.80341772
       1.94259846      1.21369812      0.00000000    -57.87063167
       1.89339765      1.15730798      0.00000000     17.92172145
       1.99898859      1.16449731      0.00000000      2.86523706
       0.00359466     -0.05279546      0.00000000     44.47155456
      -0.00359466      0.05279546      0.00000000     45.45021746
      -0.05279547     -0.00359467      0.00000000     94.25713329
       0.05279547      0.00359466      0.00000000    107.25664030
       2.95934265      1.07814342      0.00000000    -13.78096885
       2.95215332      1.18373435      0.00000000    -14.66532457
       2.90295252      1.12734422      0.00000000     23.30343396
       3.00854345      1.13453355      0.00000000     15.05748671
 20    52461.0     # 191 nm, No. monopoles, Energy 1->3_v2
       1.2568      1.2120      0.0000   1.000  # Electr. mom., scale fac.
       0.0000      0.0000      0.4070          # Magnet. mom.
       1.23200016      0.00000000      0.00000000    385.44245370
       1.94619312      1.16090265      0.00000000     95.12352216
       0.00000000      0.00000000      0.00000000   -281.72494270
       2.95574799      1.13093888      0.00000000     -8.97645799
       1.23559483     -0.05279546      0.00000000   -131.25335980
       1.22840550      0.05279547      0.00000000   -153.11300010
       1.17920470     -0.00359466      0.00000000    -52.16830427
       1.28479563      0.00359467      0.00000000    -51.19740968
       1.94978778      1.10810718      0.00000000    -57.87427522
       1.94259846      1.21369812      0.00000000    -56.00383710
       1.89339765      1.15730798      0.00000000     17.34360140
       1.99898859      1.16449731      0.00000000      2.77281006
       0.00359466     -0.05279546      0.00000000     43.03698829
      -0.00359466      0.05279546      0.00000000     43.98408141
      -0.05279547     -0.00359467      0.00000000     91.21658060
       0.05279547      0.00359466      0.00000000    103.79674870
       2.95934265      1.07814342      0.00000000    -13.33642147
       2.95215332      1.18373435      0.00000000    -14.19224959
       2.90295252      1.12734422      0.00000000     22.55171029
       3.00854345      1.13453355      0.00000000     14.57176133
 20    54161.0     # 185 nm, No. monopoles, Energy 1->3_v3
       0.8797      0.8484      0.0000   1.000  # Electr. mom., scale fac.
       0.0000      0.0000      0.4070          # Magnet. mom.
       1.23200016      0.00000000      0.00000000    269.80971760
       1.94619312      1.16090265      0.00000000     66.58646551
       0.00000000      0.00000000      0.00000000   -197.20745990
       2.95574799      1.13093888      0.00000000     -6.28352059
       1.23559483     -0.05279546      0.00000000    -91.87735189
       1.22840550      0.05279547      0.00000000   -107.17910010
       1.17920470     -0.00359466      0.00000000    -36.51781299
       1.28479563      0.00359467      0.00000000    -35.83818677
       1.94978778      1.10810718      0.00000000    -40.51199265
       1.94259846      1.21369812      0.00000000    -39.20268597
       1.89339765      1.15730798      0.00000000     12.14052098
       1.99898859      1.16449731      0.00000000      1.94096704
       0.00359466     -0.05279546      0.00000000     30.12589180
      -0.00359466      0.05279546      0.00000000     30.78885699
      -0.05279547     -0.00359467      0.00000000     63.85160642
       0.05279547      0.00359466      0.00000000     72.65772408
       2.95934265      1.07814342      0.00000000     -9.33549503
       2.95215332      1.18373435      0.00000000     -9.93457471
       2.90295252      1.12734422      0.00000000     15.78619720
       3.00854345      1.13453355      0.00000000     10.20023293
 20    55861.0     # 179 nm, No. monopoles, Energy 1->3_v4
       0.5237      0.5050      0.0000   1.000  # Electr. mom., scale fac.
       0.0000      0.0000      0.4070          # Magnet. mom.
       1.23200016      0.00000000      0.00000000    160.60102240
       1.94619312      1.16090265      0.00000000     39.63480090
       0.00000000      0.00000000      0.00000000   -117.38539280
       2.95574799      1.13093888      0.00000000     -3.74019083
       1.23559483     -0.05279546      0.00000000    -54.68889994
       1.22840550      0.05279547      0.00000000    -63.79708337
       1.17920470     -0.00359466      0.00000000    -21.73679345
       1.28479563      0.00359467      0.00000000    -21.33225403
       1.94978778      1.10810718      0.00000000    -24.11428134
       1.94259846      1.21369812      0.00000000    -23.33493213
       1.89339765      1.15730798      0.00000000      7.22650059
       1.99898859      1.16449731      0.00000000      1.15533753
       0.00359466     -0.05279546      0.00000000     17.93207845
      -0.00359466      0.05279546      0.00000000     18.32670059
      -0.05279547     -0.00359467      0.00000000     38.00690859
       0.05279547      0.00359466      0.00000000     43.24864529
       2.95934265      1.07814342      0.00000000     -5.55684228
       2.95215332      1.18373435      0.00000000     -5.91343733
       2.90295252      1.12734422      0.00000000      9.39654595
       3.00854345      1.13453355      0.00000000      6.07156722
 20    57561.0     # 174 nm, No. monopoles, Energy 1->3_v5
       0.2723      0.2626      0.0000   1.000  # Electr. mom., scale fac.
       0.0000      0.0000      0.4070          # Magnet. mom.
       1.23200016      0.00000000      0.00000000     83.51253163
       1.94619312      1.16090265      0.00000000     20.61009647
       0.00000000      0.00000000      0.00000000    -61.04040425
       2.95574799      1.13093888      0.00000000     -1.94489923
       1.23559483     -0.05279546      0.00000000    -28.43822797
       1.22840550      0.05279547      0.00000000    -33.17448335
       1.17920470     -0.00359466      0.00000000    -11.30313259
       1.28479563      0.00359467      0.00000000    -11.09277210
       1.94978778      1.10810718      0.00000000    -12.53942630
       1.94259846      1.21369812      0.00000000    -12.13416471
       1.89339765      1.15730798      0.00000000      3.75778030
       1.99898859      1.16449731      0.00000000      0.60077551
       0.00359466     -0.05279546      0.00000000      9.32468080
      -0.00359466      0.05279546      0.00000000      9.52988431
      -0.05279547     -0.00359467      0.00000000     19.76359246
       0.05279547      0.00359466      0.00000000     22.48929555
       2.95934265      1.07814342      0.00000000     -2.88955799
       2.95215332      1.18373435      0.00000000     -3.07498741
       2.90295252      1.12734422      0.00000000      4.88620390
       3.00854345      1.13453355      0.00000000      3.15721495
&TRANSITION 2->... # NMAVIB00
 32    0.0         # 0 nm, No. monopoles, Energy 2->3_v1
       0.0000      0.0000      0.0564   1.000  # Electr. mom., scale fac.
      -0.4565     -0.0381      0.0000          # Magnet. mom.
       1.18279936     -0.05639013      0.0529177     -13.18760668
       1.18279936     -0.05639013     -0.0529177      13.18760668
       1.28839029     -0.04920080      0.0529177      12.70297434
       1.28839029     -0.04920080     -0.0529177     -12.70297434
       1.17561003      0.04920080      0.0529177      16.88081152
       1.17561003      0.04920080     -0.0529177     -16.88081152
       1.28120096      0.05639013      0.0529177     -16.57420704
       1.28120096      0.05639013     -0.0529177      16.57420704
       1.89699231      1.10451252      0.0529177      18.65674176
       1.89699231      1.10451252     -0.0529177     -18.65674176
       2.00258325      1.11170185      0.0529177      -9.86588033
       2.00258325      1.11170185     -0.0529177       9.86588033
       1.88980298      1.21010345      0.0529177     -17.56797406
       1.88980298      1.21010345     -0.0529177      17.56797406
       1.99539392      1.21729278      0.0529177      10.25433035
       1.99539392      1.21729278     -0.0529177     -10.25433035
      -0.04920080     -0.05639013      0.0529177      -8.52619536
      -0.04920080     -0.05639013     -0.0529177       8.52619536
       0.05639013     -0.04920080      0.0529177      -4.75132637
       0.05639013     -0.04920080     -0.0529177       4.75132637
      -0.05639013      0.04920080      0.0529177       9.03818911
      -0.05639013      0.04920080     -0.0529177      -9.03818911
       0.04920080      0.05639013      0.0529177       4.00947939
       0.04920080      0.05639013     -0.0529177      -4.00947939
       2.90654718      1.07454875      0.0529177      -0.12520139
       2.90654718      1.07454875     -0.0529177       0.12520139
       3.01213812      1.08173808      0.0529177       0.41869633
       3.01213812      1.08173808     -0.0529177      -0.41869633
       2.89935786      1.18013969      0.0529177      -1.13642601
       2.89935786      1.18013969     -0.0529177       1.13642601
       3.00494879      1.18732902      0.0529177       0.35193066
       3.00494879      1.18732902     -0.0529177      -0.35193066
 32    0.0         # 0 nm, No. monopoles, Energy 2->3_v2
       0.0000      0.0000      0.0546   1.000  # Electr. mom., scale fac.
      -0.4565     -0.0381      0.0000          # Magnet. mom.
       1.18279936     -0.05639013      0.0529177     -12.76220002
       1.18279936     -0.05639013     -0.0529177      12.76220002
       1.28839029     -0.04920080      0.0529177      12.29320097
       1.28839029     -0.04920080     -0.0529177     -12.29320097
       1.17561003      0.04920080      0.0529177      16.33626922
       1.17561003      0.04920080     -0.0529177     -16.33626922
       1.28120096      0.05639013      0.0529177     -16.03955520
       1.28120096      0.05639013     -0.0529177      16.03955502
       1.89699231      1.10451252      0.0529177      18.05491138
       1.89699231      1.10451252     -0.0529177     -18.05491138
       2.00258325      1.11170185      0.0529177      -9.54762613
       2.00258325      1.11170185     -0.0529177       9.54762613
       1.88980298      1.21010345      0.0529177     -17.00126522
       1.88980298      1.21010345     -0.0529177      17.00126522
       1.99539392      1.21729278      0.0529177       9.92354550
       1.99539392      1.21729278     -0.0529177      -9.92354505
      -0.04920080     -0.05639013      0.0529177      -8.25115608
      -0.04920080     -0.05639013     -0.0529177       8.25115608
       0.05639013     -0.04920080      0.0529177      -4.59805778
       0.05639013     -0.04920080     -0.0529177       4.59805778
      -0.05639013      0.04920080      0.0529177       8.74663462
      -0.05639013      0.04920080     -0.0529177      -8.74663462
       0.04920080      0.05639013      0.0529177       3.88014134
       0.04920080      0.05639013     -0.0529177      -3.88014134
       2.90654718      1.07454875      0.0529177      -0.12116264
       2.90654718      1.07454875     -0.0529177       0.12116264
       3.01213812      1.08173808      0.0529177       0.40519000
       3.01213812      1.08173808     -0.0529177      -0.40519000
       2.89935786      1.18013969      0.0529177      -1.09976711
       2.89935786      1.18013969     -0.0529177       1.09976711
       3.00494879      1.18732902      0.0529177       0.34057806
       3.00494879      1.18732902     -0.0529177      -0.34057806
 32    0.0         # 0 nm, No. monopoles, Energy 2->3_v3
       0.0000      0.0000      0.0382   1.000  # Electr. mom., scale fac.
      -0.4565     -0.0381      0.0000          # Magnet. mom.
       1.18279936     -0.05639013      0.0529177      -8.933540011
       1.18279936     -0.05639013     -0.0529177       8.933540011
       1.28839029     -0.04920080      0.0529177       8.605240682
       1.28839029     -0.04920080     -0.0529177      -8.605240682
       1.17561003      0.04920080      0.0529177      11.435388450
       1.17561003      0.04920080     -0.0529177     -11.435388450
       1.28120096      0.05639013      0.0529177     -11.227688640
       1.28120096      0.05639013     -0.0529177      11.227688640
       1.89699231      1.10451252      0.0529177      12.638437960
       1.89699231      1.10451252     -0.0529177     -12.638437960
       2.00258325      1.11170185      0.0529177      -6.683338288
       2.00258325      1.11170185     -0.0529177       6.683338288
       1.88980298      1.21010345      0.0529177     -11.900885650
       1.88980298      1.21010345     -0.0529177      11.900885650
       1.99539392      1.21729278      0.0529177       6.946481850
       1.99539392      1.21729278     -0.0529177      -6.946481850
      -0.04920080     -0.05639013      0.0529177      -5.775809760
      -0.04920080     -0.05639013     -0.0529177       5.775809760
       0.05639013     -0.04920080      0.0529177      -3.218640445
       0.05639013     -0.04920080     -0.0529177       3.218640445
      -0.05639013      0.04920080      0.0529177       6.122644235
      -0.05639013      0.04920080     -0.0529177      -6.122644235
       0.04920080      0.05639013      0.0529177       2.716098941
       0.04920080      0.05639013     -0.0529177      -2.716098941
       2.90654718      1.07454875      0.0529177      -0.084813847
       2.90654718      1.07454875     -0.0529177       0.084813847
       3.01213812      1.08173808      0.0529177       0.283632997
       3.01213812      1.08173808     -0.0529177      -0.283632997
       2.89935786      1.18013969      0.0529177      -0.769836976
       2.89935786      1.18013969     -0.0529177       0.769836976
       3.00494879      1.18732902      0.0529177       0.238404642
       3.00494879      1.18732902     -0.0529177      -0.238404642
 32    0.0         # 0 nm, No. monopoles, Energy 2->3_v4
       0.0000      0.0000      0.0228   1.000  # Electr. mom., scale fac.
      -0.4565     -0.0381      0.0000          # Magnet. mom.
       1.18279936     -0.05639013      0.0529177      -5.317583340
       1.18279936     -0.05639013     -0.0529177       5.317583340
       1.28839029     -0.04920080      0.0529177       5.122167073
       1.28839029     -0.04920080     -0.0529177      -5.122167073
       1.17561003      0.04920080      0.0529177       6.806778840
       1.17561003      0.04920080     -0.0529177      -6.806778840
       1.28120096      0.05639013      0.0529177      -6.683148000
       1.28120096      0.05639013     -0.0529177       6.683148000
       1.89699231      1.10451252      0.0529177       7.522879740
       1.89699231      1.10451252     -0.0529177      -7.522879740
       2.00258325      1.11170185      0.0529177      -3.978177553
       2.00258325      1.11170185     -0.0529177       3.978177553
       1.88980298      1.21010345      0.0529177      -7.083860508
       1.88980298      1.21010345     -0.0529177       7.083860508
       1.99539392      1.21729278      0.0529177       4.134810625
       1.99539392      1.21729278     -0.0529177      -4.134810625
      -0.04920080     -0.05639013      0.0529177      -3.437982000
      -0.04920080     -0.05639013     -0.0529177       3.437982000
       0.05639013     -0.04920080      0.0529177      -1.915857408
       0.05639013     -0.04920080     -0.0529177       1.915857408
      -0.05639013      0.04920080      0.0529177       3.644431093
      -0.05639013      0.04920080     -0.0529177      -3.644431093
       0.04920080      0.05639013      0.0529177       1.616725560
       0.04920080      0.05639013     -0.0529177      -1.616725560
       2.90654718      1.07454875      0.0529177      -0.050484433
       2.90654718      1.07454875     -0.0529177       0.050484433
       3.01213812      1.08173808      0.0529177       0.168829165
       3.01213812      1.08173808     -0.0529177      -0.168829165
       2.89935786      1.18013969      0.0529177      -0.458236295
       2.89935786      1.18013969     -0.0529177       0.458236295
       3.00494879      1.18732902      0.0529177       0.141907525
       3.00494879      1.18732902     -0.0529177      -0.141907525
 32    0.0         # 0 nm, No. monopoles, Energy 2->3_v5
       0.0000      0.0000      0.0118   1.000  # Electr. mom., scale fac.
      -0.4565     -0.0381      0.0000          # Magnet. mom.
       1.18279936     -0.05639013      0.0529177      -2.765143337
       1.18279936     -0.05639013     -0.0529177       2.765143337
       1.28839029     -0.04920080      0.0529177       2.663526878
       1.28839029     -0.04920080     -0.0529177      -2.663526878
       1.17561003      0.04920080      0.0529177       3.539524997
       1.17561003      0.04920080     -0.0529177      -3.539524997
       1.28120096      0.05639013      0.0529177      -3.475236960
       1.28120096      0.05639013     -0.0529177       3.475236960
       1.89699231      1.10451252      0.0529177       3.911897465
       1.89699231      1.10451252     -0.0529177      -3.911897465
       2.00258325      1.11170185      0.0529177      -2.068652327
       2.00258325      1.11170185     -0.0529177       2.068652327
       1.88980298      1.21010345      0.0529177      -3.683607464
       1.88980298      1.21010345     -0.0529177       3.683607464
       1.99539392      1.21729278      0.0529177       2.150101525
       1.99539392      1.21729278     -0.0529177      -2.150101525
      -0.04920080     -0.05639013      0.0529177      -1.787750640
      -0.04920080     -0.05639013     -0.0529177       1.787750640
       0.05639013     -0.04920080      0.0529177      -0.996245852
       0.05639013     -0.04920080     -0.0529177       0.996245852
      -0.05639013      0.04920080      0.0529177       1.895104168
      -0.05639013      0.04920080     -0.0529177      -1.895104168
       0.04920080      0.05639013      0.0529177       0.840697291
       0.04920080      0.05639013     -0.0529177      -0.840697291
       2.90654718      1.07454875      0.0529177      -0.026251905
       2.90654718      1.07454875     -0.0529177       0.026251905
       3.01213812      1.08173808      0.0529177       0.087791166
       3.01213812      1.08173808     -0.0529177      -0.087791166
       2.89935786      1.18013969      0.0529177      -0.238282873
       2.89935786      1.18013969     -0.0529177       0.238282873
       3.00494879      1.18732902      0.0529177       0.073791913
       3.00494879      1.18732902     -0.0529177      -0.073791913
&TRANSITION 3(1)->... # NMAVIB00
 0   0.0
  0.0000   0.0000   0.0000   1.000
  0.0000   0.0000   0.0000
 0   0.0
  0.0000   0.0000   0.0000   1.000
  0.0000   0.0000   0.0000
 0   0.0
  0.0000   0.0000   0.0000   1.000
  0.0000   0.0000   0.0000
 0   0.0
  0.0000   0.0000   0.0000   1.000
  0.0000   0.0000   0.0000
&TRANSITION 3(2)->... # NMAVIB00
 0   0.0   
  0.0000   0.0000   0.0000   1.000
  0.0000   0.0000   0.0000
 0   0.0
  0.0000   0.0000   0.0000   1.000
  0.0000   0.0000   0.0000
 0   0.0
  0.0000   0.0000   0.0000   1.000
  0.0000   0.0000   0.0000
&TRANSITION 3(3)->... # NMAVIB00
 0   0.0
  0.0000   0.0000   0.0000   1.000
  0.0000   0.0000   0.0000
 0   0.0
  0.0000   0.0000   0.0000   1.000
  0.0000   0.0000   0.0000
&TRANSITION 3(4)... # NMAVIB00
 0   0.0
  0.0000   0.0000   0.0000   1.000
  0.0000   0.0000   0.0000
&PERMANENT MOMENTS # NMAVIB00
 20    0.000       # 0 nm, No. monopoles, Energy 1->1
       4.2380      0.9391      0.0000          # Electr. mom.
       1.23200016      0.00000000      0.00000000   -812.58275083
       1.94619312      1.16090265      0.00000000  -1360.71734117
       0.00000000      0.00000000      0.00000000      4.67172106
       2.95574799      1.13093888      0.00000000      1.58933573
       1.23559483     -0.05279546      0.00000000    229.39886726
       1.22840550      0.05279547      0.00000000    230.41488235
       1.17920470     -0.00359466      0.00000000    169.50027600
       1.28479563      0.00359467      0.00000000    184.91959219
       1.94978778      1.10810718      0.00000000    441.44462501
       1.94259846      1.21369812      0.00000000    451.18389893
       1.89339765      1.15730798      0.00000000    250.65716616
       1.99898859      1.16449731      0.00000000    215.64091435
       0.00359466     -0.05279546      0.00000000    -83.18991720
      -0.00359466      0.05279546      0.00000000    -84.45894979
      -0.05279547     -0.00359467      0.00000000     72.07422850
       0.05279547      0.00359466      0.00000000     89.00187850
       2.95934265      1.07814342      0.00000000    -22.61800402
       2.95215332      1.18373435      0.00000000    -19.09207786
       2.90295252      1.12734422      0.00000000     23.22053184
       3.00854345      1.13453355      0.00000000     18.94112294
 20    0.000       # 0 nm, No. monopoles, Energy 2->2
       1.8369      0.5641      0.0000          # Electr. mom.
       1.23200016      0.00000000      0.00000000  -1328.96236555
       1.94619312      1.16090265      0.00000000  -1285.34081971
       0.00000000      0.00000000      0.00000000   -641.18185522
       2.95574799      1.13093888      0.00000000   -118.59380251
       1.23559483     -0.05279546      0.00000000    326.20632830
       1.22840550      0.05279547      0.00000000    349.15180214
       1.17920470     -0.00359466      0.00000000    340.76081530
       1.28479563      0.00359467      0.00000000    314.68019270
       1.94978778      1.10810718      0.00000000    519.08396966
       1.94259846      1.21369812      0.00000000    513.64964544
       1.89339765      1.15730798      0.00000000    139.40191387
       1.99898859      1.16449731      0.00000000    110.31686342
       0.00359466     -0.05279546      0.00000000    175.93381142
      -0.00359466      0.05279546      0.00000000    173.03668166
      -0.05279547     -0.00359467      0.00000000    139.11419222
       0.05279547      0.00359466      0.00000000    151.44310680
       2.95934265      1.07814342      0.00000000     10.79310994
       2.95215332      1.18373435      0.00000000     15.25185696
       2.90295252      1.12734422      0.00000000     52.35670589
       3.00854345      1.13453355      0.00000000     42.89784734
 20    0.000       # 0 nm, No. monopoles, Energy 3->3
       4.3278      3.3587      0.0000          # Electr. mom.
       1.23200016      0.00000000      0.00000000   2180.40312173
       1.94619312      1.16090265      0.00000000  -3731.27621410
       0.00000000      0.00000000      0.00000000   -547.15314888
       2.95574799      1.13093888      0.00000000    139.47739771
       1.23559483     -0.05279546      0.00000000    -85.05426269
       1.22840550      0.05279547      0.00000000   -183.15244560
       1.17920470     -0.00359466      0.00000000   -969.11393054
       1.28479563      0.00359467      0.00000000   -961.41796454
       1.94978778      1.10810718      0.00000000   1117.56705835
       1.94259846      1.21369812      0.00000000    986.31171816
       1.89339765      1.15730798      0.00000000    842.51926526
       1.99898859      1.16449731      0.00000000    801.36922786
       0.00359466     -0.05279546      0.00000000    -43.70262432
      -0.00359466      0.05279546      0.00000000    -48.47019806
      -0.05279547     -0.00359467      0.00000000    276.63936970
       0.05279547      0.00359466      0.00000000    368.22668842
       2.95934265      1.07814342      0.00000000    -17.75861582
       2.95215332      1.18373435      0.00000000    -11.64643574
       2.90295252      1.12734422      0.00000000    -74.83167504
       3.00854345      1.13453355      0.00000000    -38.93633198
 20    0.000       # 0 nm, No. monopoles, Energy 3->3
       4.3278      3.3587      0.0000          # Electr. mom.
       1.23200016      0.00000000      0.00000000   2180.40312173
       1.94619312      1.16090265      0.00000000  -3731.27621410
       0.00000000      0.00000000      0.00000000   -547.15314888
       2.95574799      1.13093888      0.00000000    139.47739771
       1.23559483     -0.05279546      0.00000000    -85.05426269
       1.22840550      0.05279547      0.00000000   -183.15244560
       1.17920470     -0.00359466      0.00000000   -969.11393054
       1.28479563      0.00359467      0.00000000   -961.41796454
       1.94978778      1.10810718      0.00000000   1117.56705835
       1.94259846      1.21369812      0.00000000    986.31171816
       1.89339765      1.15730798      0.00000000    842.51926526
       1.99898859      1.16449731      0.00000000    801.36922786
       0.00359466     -0.05279546      0.00000000    -43.70262432
      -0.00359466      0.05279546      0.00000000    -48.47019806
      -0.05279547     -0.00359467      0.00000000    276.63936970
       0.05279547      0.00359466      0.00000000    368.22668842
       2.95934265      1.07814342      0.00000000    -17.75861582
       2.95215332      1.18373435      0.00000000    -11.64643574
       2.90295252      1.12734422      0.00000000    -74.83167504
       3.00854345      1.13453355      0.00000000    -38.93633198
 20    0.000       # 0 nm, No. monopoles, Energy 3->3
       4.3278      3.3587      0.0000          # Electr. mom.
       1.23200016      0.00000000      0.00000000   2180.40312173
       1.94619312      1.16090265      0.00000000  -3731.27621410
       0.00000000      0.00000000      0.00000000   -547.15314888
       2.95574799      1.13093888      0.00000000    139.47739771
       1.23559483     -0.05279546      0.00000000    -85.05426269
       1.22840550      0.05279547      0.00000000   -183.15244560
       1.17920470     -0.00359466      0.00000000   -969.11393054
       1.28479563      0.00359467      0.00000000   -961.41796454
       1.94978778      1.10810718      0.00000000   1117.56705835
       1.94259846      1.21369812      0.00000000    986.31171816
       1.89339765      1.15730798      0.00000000    842.51926526
       1.99898859      1.16449731      0.00000000    801.36922786
       0.00359466     -0.05279546      0.00000000    -43.70262432
      -0.00359466      0.05279546      0.00000000    -48.47019806
      -0.05279547     -0.00359467      0.00000000    276.63936970
       0.05279547      0.00359466      0.00000000    368.22668842
       2.95934265      1.07814342      0.00000000    -17.75861582
       2.95215332      1.18373435      0.00000000    -11.64643574
       2.90295252      1.12734422      0.00000000    -74.83167504
       3.00854345      1.13453355      0.00000000    -38.93633198
 20    0.000       # 0 nm, No. monopoles, Energy 3->3
       4.3278      3.3587      0.0000          # Electr. mom.
       1.23200016      0.00000000      0.00000000   2180.40312173
       1.94619312      1.16090265      0.00000000  -3731.27621410
       0.00000000      0.00000000      0.00000000   -547.15314888
       2.95574799      1.13093888      0.00000000    139.47739771
       1.23559483     -0.05279546      0.00000000    -85.05426269
       1.22840550      0.05279547      0.00000000   -183.15244560
       1.17920470     -0.00359466      0.00000000   -969.11393054
       1.28479563      0.00359467      0.00000000   -961.41796454
       1.94978778      1.10810718      0.00000000   1117.56705835
       1.94259846      1.21369812      0.00000000    986.31171816
       1.89339765      1.15730798      0.00000000    842.51926526
       1.99898859      1.16449731      0.00000000    801.36922786
       0.00359466     -0.05279546      0.00000000    -43.70262432
      -0.00359466      0.05279546      0.00000000    -48.47019806
      -0.05279547     -0.00359467      0.00000000    276.63936970
       0.05279547      0.00359466      0.00000000    368.22668842
       2.95934265      1.07814342      0.00000000    -17.75861582
       2.95215332      1.18373435      0.00000000    -11.64643574
       2.90295252      1.12734422      0.00000000    -74.83167504
       3.00854345      1.13453355      0.00000000    -38.93633198
 20    0.000       # 0 nm, No. monopoles, Energy 3->3
       4.3278      3.3587      0.0000          # Electr. mom.
       1.23200016      0.00000000      0.00000000   2180.40312173
       1.94619312      1.16090265      0.00000000  -3731.27621410
       0.00000000      0.00000000      0.00000000   -547.15314888
       2.95574799      1.13093888      0.00000000    139.47739771
       1.23559483     -0.05279546      0.00000000    -85.05426269
       1.22840550      0.05279547      0.00000000   -183.15244560
       1.17920470     -0.00359466      0.00000000   -969.11393054
       1.28479563      0.00359467      0.00000000   -961.41796454
       1.94978778      1.10810718      0.00000000   1117.56705835
       1.94259846      1.21369812      0.00000000    986.31171816
       1.89339765      1.15730798      0.00000000    842.51926526
       1.99898859      1.16449731      0.00000000    801.36922786
       0.00359466     -0.05279546      0.00000000    -43.70262432
      -0.00359466      0.05279546      0.00000000    -48.47019806
      -0.05279547     -0.00359467      0.00000000    276.63936970
       0.05279547      0.00359466      0.00000000    368.22668842
       2.95934265      1.07814342      0.00000000    -17.75861582
       2.95215332      1.18373435      0.00000000    -11.64643574
       2.90295252      1.12734422      0.00000000    -74.83167504
       3.00854345      1.13453355      0.00000000    -38.93633198
