  -PHECASI3-
# CAS(6,6) PCM. 8x8x8 grid. CASPT2 LS 0.3 energies.
# mkparam_bepcmr2_d2h.out parameters (rassi_12367.out), Charge mu.
# D6h allowed transistions, i.e. Grd ->Exc.
 6 # Woody order
      1.39425895     0.00000067     0.00000000 1.0  # CG
      0.69713224     1.20746431     0.00000000 1.0  # CD1
     -0.69712835     1.20746137     0.00000000 1.0  # CE1
     -1.39426188    -0.00000070     0.00000000 1.0  # CZ
     -0.69713089    -1.20746326     0.00000000 1.0  # CE2
      0.69712932    -1.20746240     0.00000000 1.0  # CD2
&TRANSITION 1->...
 30    38005.0      # 263.1 nm,  (r2r1) 30 = 1Lb state
       0.00001159   0.01710053   0.00000000 1.0   # electr. mom.
       0.0          0.0          0.1066111229E-05 # magnet. mom.
       0.69712898     -1.20746181      0.00000000   -164.17001333
       1.39425828      0.00000067      0.00000000     -0.00377525
       0.69713190      1.20746372      0.00000000    164.16184622
      -0.69712801      1.20746079      0.00000000    164.16796459
      -1.39426121     -0.00000070      0.00000000     -0.01769040
      -0.69713055     -1.20746268      0.00000000   -164.13860107
       0.64421128     -1.20746181      0.00000000    158.10057115
       0.75004668     -1.20746181      0.00000000    144.48386832
       0.69712898     -1.26037951      0.00000000    -64.30531685
       0.69712898     -1.15454411      0.00000000    -74.18610557
       1.34134058      0.00000067      0.00000000      0.00114816
       1.44717598      0.00000067      0.00000000      0.00123557
       1.39425828     -0.05291703      0.00000000     -8.20179010
       1.39425828      0.05291837      0.00000000      8.20314691
       0.64421420      1.20746372      0.00000000   -158.09450405
       0.75004960      1.20746372      0.00000000   -144.47934053
       0.69713190      1.15454602      0.00000000     74.18516362
       0.69713190      1.26038142      0.00000000     64.30402118
      -0.75004571      1.20746079      0.00000000   -144.48442238
      -0.64421031      1.20746079      0.00000000   -158.10110683
      -0.69712801      1.15454309      0.00000000     74.18781763
      -0.69712801      1.26037849      0.00000000     64.30677917
      -1.44717891     -0.00000070      0.00000000      0.00337618
      -1.34134351     -0.00000070      0.00000000      0.00397042
      -1.39426121     -0.05291840      0.00000000     -8.19705370
      -1.39426121      0.05291700      0.00000000      8.20745006
      -0.75004826     -1.20746268      0.00000000    144.47309376
      -0.64421285     -1.20746268      0.00000000    158.08792027
      -0.69713055     -1.26038038      0.00000000    -64.30892357
      -0.69713055     -1.15454498      0.00000000    -74.19073037
 30    47953.0      # 208.5 nm,  (r3r1) 30 = 1La state
      -0.00181497   0.00001159   0.00000000 1.0     # electr. mom.
       0.0          0.0         -0.9176476175E-06   # magnet. mom.
       0.69712898     -1.20746181      0.00000000   -720.10281331
       1.39425828      0.00000067      0.00000000    676.46791718
       0.69713190      1.20746372      0.00000000   -719.51123026
      -0.69712801      1.20746079      0.00000000    719.55152597
      -1.39426121     -0.00000070      0.00000000   -676.54491115
      -0.69713055     -1.20746268      0.00000000    720.15377184
       0.64421128     -1.20746181      0.00000000    189.43097314
       0.75004668     -1.20746181      0.00000000    178.04942880
       0.69712898     -1.26037951      0.00000000    169.00110437
       0.69712898     -1.15454411      0.00000000    184.16175480
       1.34134058      0.00000067      0.00000000   -183.99266875
       1.44717598      0.00000067      0.00000000   -166.48118774
       1.39425828     -0.05291703      0.00000000   -163.17095611
       1.39425828      0.05291837      0.00000000   -163.16527032
       0.64421420      1.20746372      0.00000000    189.00656837
       0.75004960      1.20746372      0.00000000    177.69744029
       0.69713190      1.15454602      0.00000000    184.26697454
       0.69713190      1.26038142      0.00000000    169.07670418
      -0.75004571      1.20746079      0.00000000   -177.76016923
      -0.64421031      1.20746079      0.00000000   -189.07656043
      -0.69712801      1.15454309      0.00000000   -184.21937510
      -0.69712801      1.26037849      0.00000000   -169.03211760
      -1.44717891     -0.00000070      0.00000000    166.44732014
      -1.34134351     -0.00000070      0.00000000    183.96049147
      -1.39426121     -0.05291840      0.00000000    163.24288157
      -1.39426121      0.05291700      0.00000000    163.23688824
      -0.75004826     -1.20746268      0.00000000   -178.11526142
      -0.64421285     -1.20746268      0.00000000   -189.50389891
      -0.69713055     -1.26038038      0.00000000   -168.95877480
      -0.69713055     -1.15454498      0.00000000   -184.11655090
 30    52322.0  # 191.1 nm,  (r6r1) 30 = 1Ba state
      -5.71534381  -0.00248626   0.00000000 1.0      # electr. mom.
       0.0          0.0         -0.3115391048E-05    # magnet. mom.
       0.69712898     -1.20746181      0.00000000   -392.69530416
       1.39425828      0.00000067      0.00000000   -439.61855126
       0.69713190      1.20746372      0.00000000   -370.02429158
      -0.69712801      1.20746079      0.00000000    392.80345728
      -1.39426121     -0.00000070      0.00000000    439.73613912
      -0.69713055     -1.20746268      0.00000000    370.42051042
       0.64421128     -1.20746181      0.00000000    245.95000790
       0.75004668     -1.20746181      0.00000000    215.39198966
       0.69712898     -1.26037951      0.00000000    -25.53486158
       0.69712898     -1.15454411      0.00000000    -42.00365539
       1.34134058      0.00000067      0.00000000    205.18413682
       1.44717598      0.00000067      0.00000000    180.76575312
       1.39425828     -0.05291703      0.00000000     22.57429123
       1.39425828      0.05291837      0.00000000     31.71871666
       0.64421420      1.20746372      0.00000000    230.77598078
       0.75004960      1.20746372      0.00000000    193.55789659
       0.69713190      1.15454602      0.00000000    -36.94518475
       0.69713190      1.26038142      0.00000000    -16.81912488
      -0.75004571      1.20746079      0.00000000   -215.40469354
      -0.64421031      1.20746079      0.00000000   -245.95670050
      -0.69712801      1.15454309      0.00000000     41.96337346
      -0.69712801      1.26037849      0.00000000     25.48769650
      -1.44717891     -0.00000070      0.00000000   -180.82241486
      -1.34134351     -0.00000070      0.00000000   -205.24329826
      -1.39426121     -0.05291840      0.00000000    -31.71334325
      -1.39426121      0.05291700      0.00000000    -22.58131157
      -0.75004826     -1.20746268      0.00000000   -193.72087320
      -0.64421285     -1.20746268      0.00000000   -230.94680266
      -0.69713055     -1.26038038      0.00000000     16.78989144
      -0.69713055     -1.15454498      0.00000000     36.91056950
 30    52532.0  # 190.4 nm,  (r7r1) 30 = 1Bb state
      -0.00093506   5.73201442   0.00000000 1.0      # electr. mom.
       0.0          0.0         -0.2505031327E-03    # magnet. mom.
       0.69712898     -1.20746181      0.00000000   -309.50876290
       1.39425828      0.00000067      0.00000000    -29.17040098
       0.69713190      1.20746372      0.00000000    685.77686261
      -0.69712801      1.20746079      0.00000000    309.59074200
      -1.39426121     -0.00000070      0.00000000     29.30014138
      -0.69713055     -1.20746268      0.00000000   -685.91994019
       0.64421128     -1.20746181      0.00000000     10.97927957
       0.75004668     -1.20746181      0.00000000     37.38172162
       0.69712898     -1.26037951      0.00000000    123.03838987
       0.69712898     -1.15454411      0.00000000    136.18476466
       1.34134058      0.00000067      0.00000000     21.76816522
       1.44717598      0.00000067      0.00000000     19.54822925
       1.39425828     -0.05291703      0.00000000    -12.50673437
       1.39425828      0.05291837      0.00000000      0.19187083
       0.64421420      1.20746372      0.00000000   -201.76558306
       0.75004960      1.20746372      0.00000000   -182.09675491
       0.69713190      1.15454602      0.00000000   -155.85576653
       0.69713190      1.26038142      0.00000000   -147.12570941
      -0.75004571      1.20746079      0.00000000    -37.41335160
      -0.64421031      1.20746079      0.00000000    -11.02902158
      -0.69712801      1.15454309      0.00000000   -136.18006138
      -0.69712801      1.26037849      0.00000000   -123.04418227
      -1.44717891     -0.00000070      0.00000000    -19.58466312
      -1.34134351     -0.00000070      0.00000000    -21.80622221
      -1.39426121     -0.05291840      0.00000000     -0.21497419
      -1.39426121      0.05291700      0.00000000     12.47465251
      -0.75004826     -1.20746268      0.00000000    182.13462413
      -0.64421285     -1.20746268      0.00000000    201.82307318
      -0.69713055     -1.26038038      0.00000000    147.15209285
      -0.69713055     -1.15454498      0.00000000    155.87752099
&TRANSITION 2->...
0   0.0  # (r3r2) 30
  0.0  0.0   0.0 1.0        # electr. mom.
              0.0  0.0  0.0 # magnet. mom.
0  0.0  # (r6r2) 30
  0.0   0.0   0.0 1.0       # electr. mom.
              0.0  0.0  0.0 # magnet. mom.
0  0.0  # (r7r2) 30
  0.0   0.0   0.0 1.0       # electr. mom.
              0.0  0.0  0.0 # magnet. mom.
&TRANSITION 3->...
0   0.0  # (r6r3) 30
   0.0  0.0   0.0 1.0       # electr. mom.
              0.0  0.0  0.0 # magnet. mom.
0   0.0  # (r7r3) 30
  0.0   0.0   0.0 1.0       # electr. mom.
              0.0  0.0  0.0 # magnet. mom.
&TRANSITION 4->...
0    0.0  # (r7r6) 30
  0.0  0.0   0.0 1.0       # electr. mom.
              0.0  0.0 0.0 # magnet. mom.
&PERMANENT MOMENTS
 30    0.0          # 0 nm, Grd. (r1r1) 30
      -0.00016991   0.00016902   0.00000000 1.0 # electr. mom.
       0.69712898     -1.20746181      0.00000000  -1072.58045587
       1.39425828      0.00000067      0.00000000  -2512.11222830
       0.69713190      1.20746372      0.00000000  -1191.59753688
      -0.69712801      1.20746079      0.00000000  -1073.00910576
      -1.39426121     -0.00000070      0.00000000  -2512.25643950
      -0.69713055     -1.20746268      0.00000000  -1191.95144218
       0.64421128     -1.20746181      0.00000000    421.14125304
       0.75004668     -1.20746181      0.00000000    396.28081896
       0.69712898     -1.26037951      0.00000000    136.54235846
       0.69712898     -1.15454411      0.00000000    116.16425837
       1.34134058      0.00000067      0.00000000    340.56728323
       1.44717598      0.00000067      0.00000000    297.21605093
       1.39425828     -0.05291703      0.00000000    927.34693128
       1.39425828      0.05291837      0.00000000    953.47234675
       0.64421420      1.20746372      0.00000000    312.41237410
       0.75004960      1.20746372      0.00000000    275.15783717
       0.69713190      1.15454602      0.00000000    286.75977466
       0.69713190      1.26038142      0.00000000    313.22575584
      -0.75004571      1.20746079      0.00000000    396.53957155
      -0.64421031      1.20746079      0.00000000    421.43850562
      -0.69712801      1.15454309      0.00000000    116.09598274
      -0.69712801      1.26037849      0.00000000    136.48603714
      -1.44717891     -0.00000070      0.00000000    297.27514522
      -1.34134351     -0.00000070      0.00000000    340.64352682
      -1.39426121     -0.05291840      0.00000000    953.48065656
      -1.39426121      0.05291700      0.00000000    927.34883222
      -0.75004826     -1.20746268      0.00000000    275.37223637
      -0.64421285     -1.20746268      0.00000000    312.66985104
      -0.69713055     -1.26038038      0.00000000    313.17469018
      -0.69713055     -1.15454498      0.00000000    286.69513022
 30    0.0 # 0 nm, 1st Exc. (r2r2) 30
      -0.00014141   0.00029094   0.00000000 1.0 # electr. mom.
       0.69712898     -1.20746181      0.00000000   -994.42567205
       1.39425828      0.00000067      0.00000000     70.45827883
       0.69713190      1.20746372      0.00000000  -1027.25930923
      -0.69712801      1.20746079      0.00000000   -994.26996144
      -1.39426121     -0.00000070      0.00000000     70.25247806
      -0.69713055     -1.20746268      0.00000000  -1027.09117330
       0.64421128     -1.20746181      0.00000000    248.83619779
       0.75004668     -1.20746181      0.00000000    267.78514637
       0.69712898     -1.26037951      0.00000000    233.31463915
       0.69712898     -1.15454411      0.00000000    246.28641547
       1.34134058      0.00000067      0.00000000    264.39424315
       1.44717598      0.00000067      0.00000000    277.70519323
       1.39425828     -0.05291703      0.00000000   -307.89995021
       1.39425828      0.05291837      0.00000000   -308.56462056
       0.64421420      1.20746372      0.00000000    269.89306666
       0.75004960      1.20746372      0.00000000    285.65241802
       0.69713190      1.15454602      0.00000000    243.56387453
       0.69713190      1.26038142      0.00000000    230.26174354
      -0.75004571      1.20746079      0.00000000    267.67396085
      -0.64421031      1.20746079      0.00000000    248.70106392
      -0.69712801      1.15454309      0.00000000    246.32938694
      -0.69712801      1.26037849      0.00000000    233.36048458
      -1.44717891     -0.00000070      0.00000000    277.77610963
      -1.34134351     -0.00000070      0.00000000    264.47018626
      -1.39426121     -0.05291840      0.00000000   -308.53441090
      -1.39426121      0.05291700      0.00000000   -307.87068562
      -0.75004826     -1.20746268      0.00000000    285.56298317
      -0.64421285     -1.20746268      0.00000000    269.78279482
      -0.69713055     -1.26038038      0.00000000    230.27790874
      -0.69713055     -1.15454498      0.00000000    243.57720965
 30    0.0 # 0 nm, 2nd Exc. (r3r3) 30
      -0.00291686   0.00618851   0.00000000 1.0 # electr. mom.
       0.69712898     -1.20746181      0.00000000  -1160.35437240
       1.39425828      0.00000067      0.00000000      0.65288045
       0.69713190      1.20746372      0.00000000  -1183.39483694
      -0.69712801      1.20746079      0.00000000  -1159.22585184
      -1.39426121     -0.00000070      0.00000000      1.06361414
      -0.69713055     -1.20746268      0.00000000  -1183.55918016
       0.64421128     -1.20746181      0.00000000    302.23646904
       0.75004668     -1.20746181      0.00000000    320.88800918
       0.69712898     -1.26037951      0.00000000    263.22523834
       0.69712898     -1.15454411      0.00000000    275.89216536
       1.34134058      0.00000067      0.00000000    298.97769768
       1.44717598      0.00000067      0.00000000    311.91559786
       1.39425828     -0.05291703      0.00000000   -307.53548021
       1.39425828      0.05291837      0.00000000   -308.01692510
       0.64421420      1.20746372      0.00000000    317.24999784
       0.75004960      1.20746372      0.00000000    333.57399547
       0.69713190      1.15454602      0.00000000    273.78813000
       0.69713190      1.26038142      0.00000000    260.90269171
      -0.75004571      1.20746079      0.00000000    320.43349238
      -0.64421031      1.20746079      0.00000000    301.70304682
      -0.69712801      1.15454309      0.00000000    275.83288973
      -0.69712801      1.26037849      0.00000000    263.14759411
      -1.44717891     -0.00000070      0.00000000    311.97391877
      -1.34134351     -0.00000070      0.00000000    299.03338090
      -1.39426121     -0.05291840      0.00000000   -308.23744008
      -1.39426121      0.05291700      0.00000000   -307.83870389
      -0.75004826     -1.20746268      0.00000000    333.53316130
      -0.64421285     -1.20746268      0.00000000    317.21538720
      -0.69713055     -1.26038038      0.00000000    261.03370613
      -0.69713055     -1.15454498      0.00000000    273.88972622
 30    0.0 # 0 nm, 3rd Exc. (r6r6) 30
      -0.00209383   0.00210373   0.00000000 1.0 # electr. mom.
       0.69712898     -1.20746181      0.00000000  -1625.45239752
       1.39425828      0.00000067      0.00000000    497.75810496
       0.69713190      1.20746372      0.00000000  -1069.73659243
      -0.69712801      1.20746079      0.00000000  -1625.19639250
      -1.39426121     -0.00000070      0.00000000    498.20869032
      -0.69713055     -1.20746268      0.00000000  -1069.44016906
       0.64421128     -1.20746181      0.00000000    662.90515440
       0.75004668     -1.20746181      0.00000000    621.40324646
       0.69712898     -1.26037951      0.00000000    166.05997075
       0.69712898     -1.15454411      0.00000000    183.33685344
       1.34134058      0.00000067      0.00000000     93.45928954
       1.44717598      0.00000067      0.00000000    151.60749418
       1.39425828     -0.05291703      0.00000000   -381.73751136
       1.39425828      0.05291837      0.00000000   -369.28409467
       0.64421420      1.20746372      0.00000000    -80.38651325
       0.75004960      1.20746372      0.00000000      2.85851866
       0.69713190      1.15454602      0.00000000    605.14385203
       0.69713190      1.26038142      0.00000000    542.06716320
      -0.75004571      1.20746079      0.00000000    621.20486338
      -0.64421031      1.20746079      0.00000000    662.62374528
      -0.69712801      1.15454309      0.00000000    183.46406256
      -0.69712801      1.26037849      0.00000000    166.15773706
      -1.44717891     -0.00000070      0.00000000    151.64625110
      -1.34134351     -0.00000070      0.00000000     93.47459890
      -1.39426121     -0.05291840      0.00000000   -369.51418541
      -1.39426121      0.05291700      0.00000000   -382.01476685
      -0.75004826     -1.20746268      0.00000000      2.66895854
      -0.64421285     -1.20746268      0.00000000    -80.61205546
      -0.69713055     -1.26038038      0.00000000    542.12078112
      -0.69713055     -1.15454498      0.00000000    605.20534267
 30    0.0 # 0 nm, 4th Exc. (r7r7) 30
      -0.00279529   0.00122626   0.00000000 1.0 # electr. mom.
       0.69712898     -1.20746181      0.00000000  -1485.80130346
       1.39425828      0.00000067      0.00000000    562.67742797
       0.69713190      1.20746372      0.00000000  -1297.94006429
      -0.69712801      1.20746079      0.00000000  -1483.39510200
      -1.39426121     -0.00000070      0.00000000    563.36592624
      -0.69713055     -1.20746268      0.00000000  -1297.70400782
       0.64421128     -1.20746181      0.00000000    600.82047154
       0.75004668     -1.20746181      0.00000000    571.56760531
       0.69712898     -1.26037951      0.00000000    152.69549866
       0.69712898     -1.15454411      0.00000000    167.74937333
       1.34134058      0.00000067      0.00000000    110.78831779
       1.44717598      0.00000067      0.00000000    167.76991891
       1.39425828     -0.05291703      0.00000000   -428.33415221
       1.39425828      0.05291837      0.00000000   -421.18621190
       0.64421420      1.20746372      0.00000000     58.36522406
       0.75004960      1.20746372      0.00000000    125.06726664
       0.69713190      1.15454602      0.00000000    588.66257765
       0.69713190      1.26038142      0.00000000    527.10449424
      -0.75004571      1.20746079      0.00000000    570.70570570
      -0.64421031      1.20746079      0.00000000    599.83544770
      -0.69712801      1.15454309      0.00000000    167.45762002
      -0.69712801      1.26037849      0.00000000    152.42147006
      -1.44717891     -0.00000070      0.00000000    167.61254544
      -1.34134351     -0.00000070      0.00000000    110.61341242
      -1.39426121     -0.05291840      0.00000000   -421.35570106
      -1.39426121      0.05291700      0.00000000   -428.51997322
      -0.75004826     -1.20746268      0.00000000    124.83602256
      -0.64421285     -1.20746268      0.00000000     58.06349035
      -0.69713055     -1.26038038      0.00000000    527.24740550
      -0.69713055     -1.15454498      0.00000000    588.80929392
