  -TRPCASH1-
# DMR: Indole CAS-SCRF/4s3p1d/2s1p, PCM water. Cartesians in Angstroms!
# Electronic and Magnetic dipole units are Debye and Bohr Magneton, respectively!
# Charges are in 10**(-10) esu. 'indole_10i9geo_ccwoody.xyz' geom. ** c1 **
# mkparam_ipcmcrd_r2.out parameters. Charge Dipoles NOT rotated.
 9 # Untranslated Woody order
      1.32524160      1.15754119      0.00000000 1.0  # Cg
     -0.04178901      0.70146732      0.00000000 1.0  # Cd2
      0.00000000     -0.70208856      0.00000000 1.0  # Ce2
     -1.28611127      1.35334701      0.00000000 1.0  # Ce3
      2.11092008      0.04406598      0.00000000 1.0  # Cd1
      1.31876712     -1.08237515      0.00000000 1.0  # Ne1
     -1.16182210     -1.48163547      0.00000000 1.0  # Cz2
     -2.44031892      0.59060606      0.00000000 1.0  # Cz3
     -2.37713680     -0.81881549      0.00000000 1.0  # Ch2
&TRANSITION 1->...
 45  35396.0  # 282.5 nm,  (r2r1) 45 = 1Lb state
   0.71983391   0.69120325   0.00000000 1.0 # electr. mom.
              0.0               0.0  0.6618344880E-01 # magnet. mom.
       1.31876649     -1.08237463      0.00000000   -447.80772120
       0.00000000     -0.70208822      0.00000000   -744.76337150
       2.11091906      0.04406596      0.00000000    871.64843534
       1.32524096      1.15754064      0.00000000   -560.93004226
      -0.04178899      0.70146698      0.00000000    699.61718554
      -1.16182154     -1.48163476      0.00000000    326.98324978
      -2.37713566     -0.81881509      0.00000000   -116.04828106
      -2.44031774      0.59060577      0.00000000    -20.92764005
      -1.28611065      1.35334636      0.00000000     52.10441131
       1.26584879     -1.08237463      0.00000000    179.12165318
       1.37168419     -1.08237463      0.00000000    163.87230754
       1.31876649     -1.13529233      0.00000000     50.85201878
       1.31876649     -1.02945693      0.00000000     54.31831200
      -0.05291770     -0.70208822      0.00000000    265.98887438
       0.05291770     -0.70208822      0.00000000    265.93208856
       0.00000000     -0.75500592      0.00000000    103.56290251
       0.00000000     -0.64917052      0.00000000    112.99065163
       2.05800137      0.04406596      0.00000000   -107.47990234
       2.16383676      0.04406596      0.00000000    -87.04883266
       2.11091906     -0.00885174      0.00000000   -334.77825542
       2.11091906      0.09698366      0.00000000   -343.52257258
       1.27232327      1.15754064      0.00000000    290.10803779
       1.37815866      1.15754064      0.00000000    254.79175061
       1.32524096      1.10462294      0.00000000     11.77067990
       1.32524096      1.21045834      0.00000000      7.38549509
      -0.09470669      0.70146698      0.00000000      3.69347515
       0.01112871      0.70146698      0.00000000    -14.67455626
      -0.04178899      0.64854929      0.00000000   -357.06101290
      -0.04178899      0.75438469      0.00000000   -336.31377038
      -1.21473924     -1.48163476      0.00000000    -86.51784523
      -1.10890384     -1.48163476      0.00000000    -93.68421715
      -1.16182154     -1.53455246      0.00000000    -64.49829538
      -1.16182154     -1.42871706      0.00000000    -84.68457734
      -2.43005336     -0.81881509      0.00000000     37.79723611
      -2.32421796     -0.81881509      0.00000000     48.96893338
      -2.37713566     -0.87173279      0.00000000     14.21719229
      -2.37713566     -0.76589740      0.00000000     16.35610786
      -2.49323545      0.59060577      0.00000000     25.97916086
      -2.38740004      0.59060577      0.00000000     25.72997674
      -2.44031774      0.53768808      0.00000000    -18.17803949
      -2.44031774      0.64352347      0.00000000    -13.14987408
      -1.33902835      1.35334636      0.00000000     16.96914096
      -1.23319294      1.35334636      0.00000000     20.95437254
      -1.28611065      1.30042866      0.00000000    -48.09658594
      -1.28611065      1.40626406      0.00000000    -41.54825659
 45  38053.0  # 262.8 nm,  (r3r1) 45 = 1La state
  -1.09394403   1.22547662   0.00000000 1.0 # electr. mom.
              0.0               0.0  0.9507726948E-01 # magnet. mom.
       1.31876649     -1.08237463      0.00000000     69.46385573
       0.00000000     -0.70208822      0.00000000     19.04220274
       2.11091906      0.04406596      0.00000000   -420.61067626
       1.32524096      1.15754064      0.00000000    117.66264854
      -0.04178899      0.70146698      0.00000000   -430.64597299
      -1.16182154     -1.48163476      0.00000000    -18.44000328
      -2.37713566     -0.81881509      0.00000000    -70.29063154
      -2.44031774      0.59060577      0.00000000   -124.25029954
      -1.28611065      1.35334636      0.00000000    420.88508078
       1.26584879     -1.08237463      0.00000000    -78.05506363
       1.37168419     -1.08237463      0.00000000    -69.80134651
       1.31876649     -1.13529233      0.00000000     37.64100754
       1.31876649     -1.02945693      0.00000000     40.55412024
      -0.05291770     -0.70208822      0.00000000    -18.04076376
       0.05291770     -0.70208822      0.00000000    -32.61714173
       0.00000000     -0.75500592      0.00000000     21.04256366
       0.00000000     -0.64917052      0.00000000     11.21196773
       2.05800137      0.04406596      0.00000000     95.80246694
       2.16383676      0.04406596      0.00000000     92.41618176
       2.11091906     -0.00885174      0.00000000    116.00631010
       2.11091906      0.09698366      0.00000000    115.86485386
       1.27232327      1.15754064      0.00000000    -74.47336262
       1.37815866      1.15754064      0.00000000    -66.50525170
       1.32524096      1.10462294      0.00000000     13.48633829
       1.32524096      1.21045834      0.00000000      9.52475688
      -0.09470669      0.70146698      0.00000000    192.01592587
       0.01112871      0.70146698      0.00000000    196.23378264
      -0.04178899      0.64854929      0.00000000     15.89364845
      -0.04178899      0.75438469      0.00000000     27.94093018
      -1.21473924     -1.48163476      0.00000000    -19.83560664
      -1.10890384     -1.48163476      0.00000000    -18.84947069
      -1.16182154     -1.53455246      0.00000000     28.60779658
      -1.16182154     -1.42871706      0.00000000     27.97782821
      -2.43005336     -0.81881509      0.00000000    -74.17896816
      -2.32421796     -0.81881509      0.00000000    -87.25779960
      -2.37713566     -0.87173279      0.00000000    105.98395440
      -2.37713566     -0.76589740      0.00000000    126.56405688
      -2.49323545      0.59060577      0.00000000     15.27111442
      -2.38740004      0.59060577      0.00000000     19.87922328
      -2.44031774      0.53768808      0.00000000     40.64237976
      -2.44031774      0.64352347      0.00000000     48.15651029
      -1.33902835      1.35334636      0.00000000   -151.93190726
      -1.23319294      1.35334636      0.00000000   -147.11098046
      -1.28611065      1.30042866      0.00000000    -68.70052282
      -1.28611065      1.40626406      0.00000000    -54.17573654
 45  48951.0  # 204.3 nm,  (r7r1) 45 = 1Bb state
   3.63207311  -2.46606417   0.00000000 1.0 # electr. mom.
              0.0               0.0  0.8170710246E-01 # magnet. mom.
       1.31876649     -1.08237463      0.00000000    273.58236816
       0.00000000     -0.70208822      0.00000000   -265.65930610
       2.11091906      0.04406596      0.00000000   -115.47421142
       1.32524096      1.15754064      0.00000000      0.23796456
      -0.04178899      0.70146698      0.00000000   -361.15542547
      -1.16182154     -1.48163476      0.00000000    -60.38212469
      -2.37713566     -0.81881509      0.00000000     54.11125387
      -2.44031774      0.59060577      0.00000000    -40.47837144
      -1.28611065      1.35334636      0.00000000   -176.05929730
       1.26584879     -1.08237463      0.00000000   -120.18342346
       1.37168419     -1.08237463      0.00000000   -112.55475106
       1.31876649     -1.13529233      0.00000000    -16.55443680
       1.31876649     -1.02945693      0.00000000    -27.40340530
      -0.05291770     -0.70208822      0.00000000    -15.24288341
       0.05291770     -0.70208822      0.00000000     21.41905675
       0.00000000     -0.75500592      0.00000000    121.86345384
       0.00000000     -0.64917052      0.00000000    141.63808133
       2.05800137      0.04406596      0.00000000   -165.43904117
       2.16383676      0.04406596      0.00000000   -146.56078618
       2.11091906     -0.00885174      0.00000000    235.05330168
       2.11091906      0.09698366      0.00000000    193.56262186
       1.27232327      1.15754064      0.00000000    -72.11298134
       1.37815866      1.15754064      0.00000000    -66.98146392
       1.32524096      1.10462294      0.00000000     76.18560024
       1.32524096      1.21045834      0.00000000     63.46618186
      -0.09470669      0.70146698      0.00000000    231.75718234
       0.01112871      0.70146698      0.00000000    209.07036739
      -0.04178899      0.64854929      0.00000000    -58.60513608
      -0.04178899      0.75438469      0.00000000    -22.60532597
      -1.21473924     -1.48163476      0.00000000      3.82053778
      -1.10890384     -1.48163476      0.00000000     -0.67954829
      -1.16182154     -1.53455246      0.00000000     23.40262949
      -1.16182154     -1.42871706      0.00000000     34.96314259
      -2.43005336     -0.81881509      0.00000000    -13.30868530
      -2.32421796     -0.81881509      0.00000000    -20.66109768
      -2.37713566     -0.87173279      0.00000000     -9.86099971
      -2.37713566     -0.76589740      0.00000000    -11.01732744
      -2.49323545      0.59060577      0.00000000     22.32187454
      -2.38740004      0.59060577      0.00000000     24.65745350
      -2.44031774      0.53768808      0.00000000     -3.42862325
      -2.44031774      0.64352347      0.00000000     -2.95631741
      -1.33902835      1.35334636      0.00000000     57.77673394
      -1.23319294      1.35334636      0.00000000     54.19642608
      -1.28611065      1.30042866      0.00000000     26.87626915
      -1.28611065      1.40626406      0.00000000     35.40246936
 45  51032.0  # 196.0 nm,  (r8r1) 45 = 1Ba state
   3.62907333   2.12605217   0.00000000 1.0 # electr. mom.
              0.0               0.0      0.7736875962 # magnet. mom.
       1.31876649     -1.08237463      0.00000000     41.08026403
       0.00000000     -0.70208822      0.00000000   -343.80311510
       2.11091906      0.04406596      0.00000000    524.75399578
       1.32524096      1.15754064      0.00000000   -141.34580429
      -0.04178899      0.70146698      0.00000000    320.58709099
      -1.16182154     -1.48163476      0.00000000   -208.87443946
      -2.37713566     -0.81881509      0.00000000   -375.25407322
      -2.44031774      0.59060577      0.00000000    -11.29418962
      -1.28611065      1.35334636      0.00000000    232.68651542
       1.26584879     -1.08237463      0.00000000     -3.15269424
       1.37168419     -1.08237463      0.00000000      1.42337698
       1.31876649     -1.13529233      0.00000000    -18.07970088
       1.31876649     -1.02945693      0.00000000    -21.54373656
      -0.05291770     -0.70208822      0.00000000    258.42064886
       0.05291770     -0.70208822      0.00000000    265.34171789
       0.00000000     -0.75500592      0.00000000    -78.67097654
       0.00000000     -0.64917052      0.00000000   -102.30132562
       2.05800137      0.04406596      0.00000000   -137.57776229
       2.16383676      0.04406596      0.00000000   -124.76790816
       2.11091906     -0.00885174      0.00000000   -132.17957971
       2.11091906      0.09698366      0.00000000   -130.18179466
       1.27232327      1.15754064      0.00000000     11.94680750
       1.37815866      1.15754064      0.00000000     14.20895232
       1.32524096      1.10462294      0.00000000     63.68987227
       1.32524096      1.21045834      0.00000000     52.27207022
      -0.09470669      0.70146698      0.00000000   -254.72888904
       0.01112871      0.70146698      0.00000000   -247.66321642
      -0.04178899      0.64854929      0.00000000    100.91234117
      -0.04178899      0.75438469      0.00000000     81.26213131
      -1.21473924     -1.48163476      0.00000000     63.19609210
      -1.10890384     -1.48163476      0.00000000     67.34083464
      -1.16182154     -1.53455246      0.00000000     38.93285534
      -1.16182154     -1.42871706      0.00000000     38.80641912
      -2.43005336     -0.81881509      0.00000000     41.08805155
      -2.32421796     -0.81881509      0.00000000     39.60116971
      -2.37713566     -0.87173279      0.00000000    138.02162731
      -2.37713566     -0.76589740      0.00000000    157.11609917
      -2.49323545      0.59060577      0.00000000     11.11832798
      -2.38740004      0.59060577      0.00000000      8.46978019
      -2.44031774      0.53768808      0.00000000    -11.23878984
      -2.44031774      0.64352347      0.00000000      1.30995821
      -1.33902835      1.35334636      0.00000000    -88.14937474
      -1.23319294      1.35334636      0.00000000    -87.46272826
      -1.28611065      1.30042866      0.00000000    -22.34592149
      -1.28611065      1.40626406      0.00000000    -32.97098002
&TRANSITION 2->...
 45   2657.0  # 3763.6 nm,  (r3r2) 45
   0.37826299   0.72073827   0.00000000 1.0 # electr. mom.
              0.0               0.0      -1.664952771 # magnet. mom.
       1.31876649     -1.08237463      0.00000000  -1133.52619560
       0.00000000     -0.70208822      0.00000000   2101.01038536
       2.11091906      0.04406596      0.00000000    334.60073573
       1.32524096      1.15754064      0.00000000  -1274.51794838
      -0.04178899      0.70146698      0.00000000   2230.64371392
      -1.16182154     -1.48163476      0.00000000   -693.97898242
      -2.37713566     -0.81881509      0.00000000    108.75347650
      -2.44031774      0.59060577      0.00000000    105.18429437
      -1.28611065      1.35334636      0.00000000  -1243.31534544
       1.26584879     -1.08237463      0.00000000    290.55505594
       1.37168419     -1.08237463      0.00000000    249.47578762
       1.31876649     -1.13529233      0.00000000    270.83025581
       1.31876649     -1.02945693      0.00000000    330.21247666
      -0.05291770     -0.70208822      0.00000000   -511.01421216
       0.05291770     -0.70208822      0.00000000   -532.14782472
       0.00000000     -0.75500592      0.00000000   -537.12454075
       0.00000000     -0.64917052      0.00000000   -531.98108266
       2.05800137      0.04406596      0.00000000    -98.89979947
       2.16383676      0.04406596      0.00000000    -49.98136474
       2.11091906     -0.00885174      0.00000000    -87.60821794
       2.11091906      0.09698366      0.00000000   -104.12599195
       1.27232327      1.15754064      0.00000000    378.03767578
       1.37815866      1.15754064      0.00000000    334.83688387
       1.32524096      1.10462294      0.00000000    322.47801533
       1.32524096      1.21045834      0.00000000    249.29514758
      -0.09470669      0.70146698      0.00000000  -1068.29886331
       0.01112871      0.70146698      0.00000000  -1083.50360813
      -0.04178899      0.64854929      0.00000000    -10.18635034
      -0.04178899      0.75438469      0.00000000    -77.96766638
      -1.21473924     -1.48163476      0.00000000    220.52481326
      -1.10890384     -1.48163476      0.00000000    244.67717755
      -1.16182154     -1.53455246      0.00000000    103.67519198
      -1.16182154     -1.42871706      0.00000000    129.48759893
      -2.43005336     -0.81881509      0.00000000    -35.26365355
      -2.32421796     -0.81881509      0.00000000    -46.87102738
      -2.37713566     -0.87173279      0.00000000    -14.40546365
      -2.37713566     -0.76589740      0.00000000    -13.25840323
      -2.49323545      0.59060577      0.00000000    -82.77546619
      -2.38740004      0.59060577      0.00000000   -109.45144229
      -2.44031774      0.53768808      0.00000000     43.07678851
      -2.44031774      0.64352347      0.00000000     41.85504370
      -1.33902835      1.35334636      0.00000000    232.42543344
      -1.23319294      1.35334636      0.00000000    254.80139894
      -1.28611065      1.30042866      0.00000000    418.60569744
      -1.28611065      1.40626406      0.00000000    345.16040227
 45  13555.0  # 737.7 nm,  (r7r2) 45
   0.52204332  -0.12245338   0.00000000 1.0 # electr. mom.
              0.0               0.0      -.8485163126 # magnet. mom.
       1.31876649     -1.08237463      0.00000000     35.34571987
       0.00000000     -0.70208822      0.00000000     17.10623693
       2.11091906      0.04406596      0.00000000     15.14259955
       1.32524096      1.15754064      0.00000000    -21.89670869
      -0.04178899      0.70146698      0.00000000    192.31682290
      -1.16182154     -1.48163476      0.00000000   -202.04440978
      -2.37713566     -0.81881509      0.00000000    114.55744450
      -2.44031774      0.59060577      0.00000000    -49.81959715
      -1.28611065      1.35334636      0.00000000    -89.75519146
       1.26584879     -1.08237463      0.00000000    -10.86751718
       1.37168419     -1.08237463      0.00000000     -7.74156264
       1.31876649     -1.13529233      0.00000000     -6.59683690
       1.31876649     -1.02945693      0.00000000    -10.74232786
      -0.05291770     -0.70208822      0.00000000     74.72033064
       0.05291770     -0.70208822      0.00000000     76.80603902
       0.00000000     -0.75500592      0.00000000    -78.55803326
       0.00000000     -0.64917052      0.00000000    -89.91902131
       2.05800137      0.04406596      0.00000000    -10.29355003
       2.16383676      0.04406596      0.00000000     -9.94529237
       2.11091906     -0.00885174      0.00000000      1.27352040
       2.11091906      0.09698366      0.00000000      4.09608629
       1.27232327      1.15754064      0.00000000    -27.20477194
       1.37815866      1.15754064      0.00000000    -23.56258934
       1.32524096      1.10462294      0.00000000     39.10042718
       1.32524096      1.21045834      0.00000000     33.47211974
      -0.09470669      0.70146698      0.00000000    -98.45426520
       0.01112871      0.70146698      0.00000000   -103.67231107
      -0.04178899      0.64854929      0.00000000      3.77035205
      -0.04178899      0.75438469      0.00000000      7.01210054
      -1.21473924     -1.48163476      0.00000000     71.06003059
      -1.10890384     -1.48163476      0.00000000     73.67580528
      -1.16182154     -1.53455246      0.00000000     28.54027219
      -1.16182154     -1.42871706      0.00000000     28.31857978
      -2.43005336     -0.81881509      0.00000000    -29.79594850
      -2.32421796     -0.81881509      0.00000000    -31.63691059
      -2.37713566     -0.87173279      0.00000000    -26.41123162
      -2.37713566     -0.76589740      0.00000000    -26.21941882
      -2.49323545      0.59060577      0.00000000     25.61618942
      -2.38740004      0.59060577      0.00000000     30.29160254
      -2.44031774      0.53768808      0.00000000     -6.03455270
      -2.44031774      0.64352347      0.00000000     -0.16189056
      -1.33902835      1.35334636      0.00000000     10.00374245
      -1.23319294      1.35334636      0.00000000      9.28114752
      -1.28611065      1.30042866      0.00000000     35.78697226
      -1.28611065      1.40626406      0.00000000     34.03979731
 45  15636.0  # 639.5 nm,  (r8r2) 45
  -1.37216138   0.19680767   0.00000000 1.0 # electr. mom.
              0.0               0.0  -.9999114666E-01 # magnet. mom.
       1.31876649     -1.08237463      0.00000000    -74.93115211
       0.00000000     -0.70208822      0.00000000    248.06413147
       2.11091906      0.04406596      0.00000000     34.25613610
       1.32524096      1.15754064      0.00000000    273.98309597
      -0.04178899      0.70146698      0.00000000   -456.66004162
      -1.16182154     -1.48163476      0.00000000    -49.43552160
      -2.37713566     -0.81881509      0.00000000     85.75578859
      -2.44031774      0.59060577      0.00000000    -82.07057294
      -1.28611065      1.35334636      0.00000000    202.10097230
       1.26584879     -1.08237463      0.00000000      9.07263106
       1.37168419     -1.08237463      0.00000000      9.16427678
       1.31876649     -1.13529233      0.00000000     27.86045645
       1.31876649     -1.02945693      0.00000000     29.23720819
      -0.05291770     -0.70208822      0.00000000    -58.54180795
       0.05291770     -0.70208822      0.00000000    -52.03887538
       0.00000000     -0.75500592      0.00000000    -70.18278494
       0.00000000     -0.64917052      0.00000000    -67.98863947
       2.05800137      0.04406596      0.00000000     11.67623741
       2.16383676      0.04406596      0.00000000     11.11983446
       2.11091906     -0.00885174      0.00000000    -36.46047576
       2.11091906      0.09698366      0.00000000    -20.79729648
       1.27232327      1.15754064      0.00000000    -74.82267936
       1.37815866      1.15754064      0.00000000    -72.01563278
       1.32524096      1.10462294      0.00000000    -67.06865424
       1.32524096      1.21045834      0.00000000    -60.60777384
      -0.09470669      0.70146698      0.00000000    183.03332381
       0.01112871      0.70146698      0.00000000    171.01131653
      -0.04178899      0.64854929      0.00000000     48.16630992
      -0.04178899      0.75438469      0.00000000     55.30369138
      -1.21473924     -1.48163476      0.00000000      1.91904274
      -1.10890384     -1.48163476      0.00000000      5.29346539
      -1.16182154     -1.53455246      0.00000000     16.80643718
      -1.16182154     -1.42871706      0.00000000     26.57960602
      -2.43005336     -0.81881509      0.00000000    -52.45258493
      -2.32421796     -0.81881509      0.00000000    -61.26484704
      -2.37713566     -0.87173279      0.00000000     12.73742851
      -2.37713566     -0.76589740      0.00000000     14.65162661
      -2.49323545      0.59060577      0.00000000      9.02468304
      -2.38740004      0.59060577      0.00000000     18.00983218
      -2.44031774      0.53768808      0.00000000     29.78812474
      -2.44031774      0.64352347      0.00000000     26.35117982
      -1.33902835      1.35334636      0.00000000    -53.56540829
      -1.23319294      1.35334636      0.00000000    -54.12352762
      -1.28611065      1.30042866      0.00000000    -54.29944987
      -1.28611065      1.40626406      0.00000000    -41.63911051
&TRANSITION 3->...
 45  10898.0  # 917.6 nm,  (r7r3) 45
  -0.53626594   0.82324301   0.00000000 1.0 # electr. mom.
              0.0               0.0      -.2033628240 # magnet. mom.
       1.31876649     -1.08237463      0.00000000   -543.57025027
       0.00000000     -0.70208822      0.00000000      5.91151296
       2.11091906      0.04406596      0.00000000   -137.15079163
       1.32524096      1.15754064      0.00000000   -164.45227363
      -0.04178899      0.70146698      0.00000000    275.35322050
      -1.16182154     -1.48163476      0.00000000     50.36304019
      -2.37713566     -0.81881509      0.00000000   -139.19704181
      -2.44031774      0.59060577      0.00000000    -55.68326645
      -1.28611065      1.35334636      0.00000000    -53.02580318
       1.26584879     -1.08237463      0.00000000     79.93934866
       1.37168419     -1.08237463      0.00000000     94.98756394
       1.31876649     -1.13529233      0.00000000    166.33227427
       1.31876649     -1.02945693      0.00000000    203.78029339
      -0.05291770     -0.70208822      0.00000000    -66.58640582
       0.05291770     -0.70208822      0.00000000    -73.06859059
       0.00000000     -0.75500592      0.00000000     71.99535293
       0.00000000     -0.64917052      0.00000000     62.44014182
       2.05800137      0.04406596      0.00000000    -40.18160530
       2.16383676      0.04406596      0.00000000    -22.50781757
       2.11091906     -0.00885174      0.00000000     98.20940030
       2.11091906      0.09698366      0.00000000     99.22936781
       1.27232327      1.15754064      0.00000000    -16.56842342
       1.37815866      1.15754064      0.00000000    -14.95095821
       1.32524096      1.10462294      0.00000000    109.26552936
       1.32524096      1.21045834      0.00000000     88.40709710
      -0.09470669      0.70146698      0.00000000   -131.89911859
       0.01112871      0.70146698      0.00000000   -148.03506974
      -0.04178899      0.64854929      0.00000000     -4.21167907
      -0.04178899      0.75438469      0.00000000      7.72523280
      -1.21473924     -1.48163476      0.00000000    -19.65488155
      -1.10890384     -1.48163476      0.00000000    -20.98002187
      -1.16182154     -1.53455246      0.00000000     -1.20939082
      -1.16182154     -1.42871706      0.00000000     -9.73928458
      -2.43005336     -0.81881509      0.00000000     17.93741650
      -2.32421796     -0.81881509      0.00000000     25.28645400
      -2.37713566     -0.87173279      0.00000000     45.77629162
      -2.37713566     -0.76589740      0.00000000     51.18140587
      -2.49323545      0.59060577      0.00000000     14.35663363
      -2.38740004      0.59060577      0.00000000     15.42191386
      -2.44031774      0.53768808      0.00000000     11.69563181
      -2.44031774      0.64352347      0.00000000     14.12473579
      -1.33902835      1.35334636      0.00000000    -27.28976683
      -1.23319294      1.35334636      0.00000000    -28.72277050
      -1.28611065      1.30042866      0.00000000     55.33595640
      -1.28611065      1.40626406      0.00000000     53.62939594
 45  12979.0  # 770.5 nm,  (r8r3) 45
  -0.30925930  -0.41800144   0.00000000 1.0 # electr. mom.
              0.0               0.0      -.4035717776 # magnet. mom.
       1.31876649     -1.08237463      0.00000000     -9.68792866
       0.00000000     -0.70208822      0.00000000    308.19435653
       2.11091906      0.04406596      0.00000000    174.41346350
       1.32524096      1.15754064      0.00000000    -68.38661357
      -0.04178899      0.70146698      0.00000000   -193.33126195
      -1.16182154     -1.48163476      0.00000000   -172.45651771
      -2.37713566     -0.81881509      0.00000000    112.53053971
      -2.44031774      0.59060577      0.00000000     11.89321987
      -1.28611065      1.35334636      0.00000000     74.22739776
       1.26584879     -1.08237463      0.00000000     18.33582365
       1.37168419     -1.08237463      0.00000000     14.92073818
       1.31876649     -1.13529233      0.00000000    -12.93176990
       1.31876649     -1.02945693      0.00000000    -10.00077912
      -0.05291770     -0.70208822      0.00000000   -118.11359107
       0.05291770     -0.70208822      0.00000000   -113.64928502
       0.00000000     -0.75500592      0.00000000    -38.56902902
       0.00000000     -0.64917052      0.00000000    -40.48775299
       2.05800137      0.04406596      0.00000000    -42.79336733
       2.16383676      0.04406596      0.00000000    -39.38842834
       2.11091906     -0.00885174      0.00000000    -46.10717659
       2.11091906      0.09698366      0.00000000    -46.17698693
       1.27232327      1.15754064      0.00000000     51.78779784
       1.37815866      1.15754064      0.00000000     47.03802696
       1.32524096      1.10462294      0.00000000    -17.80832213
       1.32524096      1.21045834      0.00000000    -12.88129642
      -0.09470669      0.70146698      0.00000000     74.29786090
       0.01112871      0.70146698      0.00000000     78.37136054
      -0.04178899      0.64854929      0.00000000     28.33928707
      -0.04178899      0.75438469      0.00000000     13.49318741
      -1.21473924     -1.48163476      0.00000000     30.70917038
      -1.10890384     -1.48163476      0.00000000     31.32712834
      -1.16182154     -1.53455246      0.00000000     45.42728746
      -1.16182154     -1.42871706      0.00000000     67.37333573
      -2.43005336     -0.81881509      0.00000000    -69.61593984
      -2.32421796     -0.81881509      0.00000000    -85.39624306
      -2.37713566     -0.87173279      0.00000000     15.63646560
      -2.37713566     -0.76589740      0.00000000     26.47207656
      -2.49323545      0.59060577      0.00000000     34.21694179
      -2.38740004      0.59060577      0.00000000     40.21081147
      -2.44031774      0.53768808      0.00000000    -46.56297403
      -2.44031774      0.64352347      0.00000000    -40.31309832
      -1.33902835      1.35334636      0.00000000      1.78423253
      -1.23319294      1.35334636      0.00000000     -3.35709274
      -1.28611065      1.30042866      0.00000000    -39.37270229
      -1.28611065      1.40626406      0.00000000    -33.61235275
&TRANSITION 4->...
 45   2081.0  # 4805.4 nm,  (r8r7) 45
   1.41269163   0.70347288   0.00000000 1.0 # electr. mom.
              0.0               0.0  -.3555450588E-01 # magnet. mom.
       1.31876649     -1.08237463      0.00000000     28.27766678
       0.00000000     -0.70208822      0.00000000    -44.77598434
       2.11091906      0.04406596      0.00000000    291.43570502
       1.32524096      1.15754064      0.00000000    250.46582554
      -0.04178899      0.70146698      0.00000000   -284.70533261
      -1.16182154     -1.48163476      0.00000000     49.11470827
      -2.37713566     -0.81881509      0.00000000     17.32325856
      -2.44031774      0.59060577      0.00000000      5.07931306
      -1.28611065      1.35334636      0.00000000    250.31193922
       1.26584879     -1.08237463      0.00000000    -17.73126048
       1.37168419     -1.08237463      0.00000000    -21.08065387
       1.31876649     -1.13529233      0.00000000      1.35266342
       1.31876649     -1.02945693      0.00000000      9.92360659
      -0.05291770     -0.70208822      0.00000000    -54.91585742
       0.05291770     -0.70208822      0.00000000    -55.50295042
       0.00000000     -0.75500592      0.00000000     69.43104130
       0.00000000     -0.64917052      0.00000000     85.99201459
       2.05800137      0.04406596      0.00000000   -128.15565874
       2.16383676      0.04406596      0.00000000   -114.82075243
       2.11091906     -0.00885174      0.00000000    -24.46431936
       2.11091906      0.09698366      0.00000000    -24.40568309
       1.27232327      1.15754064      0.00000000    -20.39239699
       1.37815866      1.15754064      0.00000000    -15.60858571
       1.32524096      1.10462294      0.00000000   -112.24425250
       1.32524096      1.21045834      0.00000000   -102.84322262
      -0.09470669      0.70146698      0.00000000    165.10645330
       0.01112871      0.70146698      0.00000000    171.56927914
      -0.04178899      0.64854929      0.00000000    -32.38792450
      -0.04178899      0.75438469      0.00000000    -18.65421058
      -1.21473924     -1.48163476      0.00000000     -0.49403299
      -1.10890384     -1.48163476      0.00000000      0.61869638
      -1.16182154     -1.53455246      0.00000000    -25.27994438
      -1.16182154     -1.42871706      0.00000000    -23.85349363
      -2.43005336     -0.81881509      0.00000000    -12.01953317
      -2.32421796     -0.81881509      0.00000000    -12.96148906
      -2.37713566     -0.87173279      0.00000000      3.85913549
      -2.37713566     -0.76589740      0.00000000      3.66723806
      -2.49323545      0.59060577      0.00000000     17.96788176
      -2.38740004      0.59060577      0.00000000     26.43586075
      -2.44031774      0.53768808      0.00000000    -26.38711123
      -2.44031774      0.64352347      0.00000000    -22.48966738
      -1.33902835      1.35334636      0.00000000    -66.65013235
      -1.23319294      1.35334636      0.00000000    -65.80104547
      -1.28611065      1.30042866      0.00000000    -65.07230630
      -1.28611065      1.40626406      0.00000000    -54.23448562
&PERMANENT MOMENTS
 45 0.0 # 0 nm, Grd. (r1r1) 45
   1.73104840  -1.92708772   0.00000000 1.0 # electr. mom.
       1.31876649     -1.08237463      0.00000000  -3391.09120171
       0.00000000     -0.70208822      0.00000000    468.91078354
       2.11091906      0.04406596      0.00000000    909.02213645
       1.32524096      1.15754064      0.00000000  -2704.30951382
      -0.04178899      0.70146698      0.00000000    514.78806499
      -1.16182154     -1.48163476      0.00000000    121.27062902
      -2.37713566     -0.81881509      0.00000000  -1042.97614522
      -2.44031774      0.59060577      0.00000000  -1948.63292904
      -1.28611065      1.35334636      0.00000000    316.62313320
       1.26584879     -1.08237463      0.00000000    172.02859627
       1.37168419     -1.08237463      0.00000000    233.78238619
       1.31876649     -1.13529233      0.00000000   1408.19312971
       1.31876649     -1.02945693      0.00000000   1590.90062458
      -0.05291770     -0.70208822      0.00000000    163.01598432
       0.05291770     -0.70208822      0.00000000     93.43527178
       0.00000000     -0.75500592      0.00000000   -279.81228538
       0.00000000     -0.64917052      0.00000000   -449.26786296
       2.05800137      0.04406596      0.00000000   -281.46868037
       2.16383676      0.04406596      0.00000000    -78.52429858
       2.11091906     -0.00885174      0.00000000   -279.86375899
       2.11091906      0.09698366      0.00000000   -291.75613877
       1.27232327      1.15754064      0.00000000    182.00207626
       1.37815866      1.15754064      0.00000000    233.68582594
       1.32524096      1.10462294      0.00000000   1244.81949494
       1.32524096      1.21045834      0.00000000   1058.20231882
      -0.09470669      0.70146698      0.00000000   -990.36610550
       0.01112871      0.70146698      0.00000000  -1030.32224947
      -0.04178899      0.64854929      0.00000000    756.10156478
      -0.04178899      0.75438469      0.00000000    753.95467747
      -1.21473924     -1.48163476      0.00000000   -313.59839688
      -1.10890384     -1.48163476      0.00000000   -309.01455542
      -1.16182154     -1.53455246      0.00000000    274.53066826
      -1.16182154     -1.42871706      0.00000000    217.89279336
      -2.43005336     -0.81881509      0.00000000    396.14576093
      -2.32421796     -0.81881509      0.00000000    448.55416094
      -2.37713566     -0.87173279      0.00000000    135.10028410
      -2.37713566     -0.76589740      0.00000000     63.77974733
      -2.49323545      0.59060577      0.00000000    226.44929184
      -2.38740004      0.59060577      0.00000000    229.65384322
      -2.44031774      0.53768808      0.00000000    764.74581840
      -2.44031774      0.64352347      0.00000000    733.45554720
      -1.33902835      1.35334636      0.00000000   -650.01981274
      -1.23319294      1.35334636      0.00000000   -675.01151530
      -1.28611065      1.30042866      0.00000000    514.53465653
      -1.28611065      1.40626406      0.00000000    490.45617979
 45 0.0 # 0 nm, 1st Exc. (r2r2) 45
   1.74098131  -1.46780024   0.00000000 1.0 # electr. mom.
       1.31876649     -1.08237463      0.00000000  -3637.42173509
       0.00000000     -0.70208822      0.00000000   1463.58358291
       2.11091906      0.04406596      0.00000000    827.34939854
       1.32524096      1.15754064      0.00000000  -2731.65780005
      -0.04178899      0.70146698      0.00000000    740.99122666
      -1.16182154     -1.48163476      0.00000000   -301.58102534
      -2.37713566     -0.81881509      0.00000000  -1111.45560634
      -2.44031774      0.59060577      0.00000000  -1930.01932901
      -1.28611065      1.35334636      0.00000000    171.55611859
       1.26584879     -1.08237463      0.00000000    297.61113893
       1.37168419     -1.08237463      0.00000000    344.11727213
       1.31876649     -1.13529233      0.00000000   1409.80008139
       1.31876649     -1.02945693      0.00000000   1602.16176106
      -0.05291770     -0.70208822      0.00000000   -157.40184773
       0.05291770     -0.70208822      0.00000000   -233.04201086
       0.00000000     -0.75500592      0.00000000   -450.63016843
       0.00000000     -0.64917052      0.00000000   -632.53874990
       2.05800137      0.04406596      0.00000000   -229.52602070
       2.16383676      0.04406596      0.00000000    -32.12191310
       2.11091906     -0.00885174      0.00000000   -291.64397170
       2.11091906      0.09698366      0.00000000   -296.91813470
       1.27232327      1.15754064      0.00000000    174.91054651
       1.37815866      1.15754064      0.00000000    222.30167765
       1.32524096      1.10462294      0.00000000   1270.48523702
       1.32524096      1.21045834      0.00000000   1079.24918803
      -0.09470669      0.70146698      0.00000000  -1250.82118382
       0.01112871      0.70146698      0.00000000  -1293.61212259
      -0.04178899      0.64854929      0.00000000    926.89080523
      -0.04178899      0.75438469      0.00000000    881.53434384
      -1.21473924     -1.48163476      0.00000000   -198.39718790
      -1.10890384     -1.48163476      0.00000000   -188.34576802
      -1.16182154     -1.53455246      0.00000000    358.63747334
      -1.16182154     -1.42871706      0.00000000    322.44546130
      -2.43005336     -0.81881509      0.00000000    424.97900290
      -2.32421796     -0.81881509      0.00000000    483.69524501
      -2.37713566     -0.87173279      0.00000000    139.56833405
      -2.37713566     -0.76589740      0.00000000     63.18229838
      -2.49323545      0.59060577      0.00000000    224.14676232
      -2.38740004      0.59060577      0.00000000    231.94534584
      -2.44031774      0.53768808      0.00000000    760.31130835
      -2.44031774      0.64352347      0.00000000    719.80761187
      -1.33902835      1.35334636      0.00000000   -580.14101088
      -1.23319294      1.35334636      0.00000000   -606.45578904
      -1.28611065      1.30042866      0.00000000    522.01681008
      -1.28611065      1.40626406      0.00000000    490.45334328
 45 0.0 # 0 nm, 2nd Exc. (r3r3) 45
   8.02920110  -2.39813299   0.00000000 1.0 # electr. mom.
       1.31876649     -1.08237463      0.00000000  -3111.09173827
       0.00000000     -0.70208822      0.00000000    479.26392014
       2.11091906      0.04406596      0.00000000    877.98729350
       1.32524096      1.15754064      0.00000000  -2295.52199851
      -0.04178899      0.70146698      0.00000000   1036.04327866
      -1.16182154     -1.48163476      0.00000000   -465.13678925
      -2.37713566     -0.81881509      0.00000000  -1363.24957435
      -2.44031774      0.59060577      0.00000000  -2009.00655979
      -1.28611065      1.35334636      0.00000000   -544.75823597
       1.26584879     -1.08237463      0.00000000    233.39872829
       1.37168419     -1.08237463      0.00000000    295.86154570
       1.31876649     -1.13529233      0.00000000   1218.70527062
       1.31876649     -1.02945693      0.00000000   1377.45140990
      -0.05291770     -0.70208822      0.00000000    550.90011254
       0.05291770     -0.70208822      0.00000000    473.15773978
       0.00000000     -0.75500592      0.00000000   -648.35457547
       0.00000000     -0.64917052      0.00000000   -861.59159222
       2.05800137      0.04406596      0.00000000   -190.40195750
       2.16383676      0.04406596      0.00000000     -0.67199246
       2.11091906     -0.00885174      0.00000000   -359.03366035
       2.11091906      0.09698366      0.00000000   -349.48574362
       1.27232327      1.15754064      0.00000000    -24.63705101
       1.37815866      1.15754064      0.00000000     27.97454678
       1.32524096      1.10462294      0.00000000   1250.73639888
       1.32524096      1.21045834      0.00000000   1057.35734616
      -0.09470669      0.70146698      0.00000000  -1494.89930760
       0.01112871      0.70146698      0.00000000  -1533.08509838
      -0.04178899      0.64854929      0.00000000   1026.80544518
      -0.04178899      0.75438469      0.00000000    969.79281115
      -1.21473924     -1.48163476      0.00000000    -30.60842189
      -1.10890384     -1.48163476      0.00000000    -22.63615646
      -1.16182154     -1.53455246      0.00000000    289.05083304
      -1.16182154     -1.42871706      0.00000000    218.34096355
      -2.43005336     -0.81881509      0.00000000    555.91725211
      -2.32421796     -0.81881509      0.00000000    639.48838378
      -2.37713566     -0.87173279      0.00000000    125.63083224
      -2.37713566     -0.76589740      0.00000000     43.02867206
      -2.49323545      0.59060577      0.00000000    243.28207517
      -2.38740004      0.59060577      0.00000000    240.17051131
      -2.44031774      0.53768808      0.00000000    789.74795342
      -2.44031774      0.64352347      0.00000000    740.60692531
      -1.33902835      1.35334636      0.00000000   -307.75011542
      -1.23319294      1.35334636      0.00000000   -337.84948114
      -1.28611065      1.30042866      0.00000000    619.45769813
      -1.28611065      1.40626406      0.00000000    569.61210230
 45 0.0 # 0 nm, 3rd Exc. (r7r7) 45
   4.06009902  -2.86027426   0.00000000 1.0 # electr. mom.
       1.31876649     -1.08237463      0.00000000  -3735.26980776
       0.00000000     -0.70208822      0.00000000   1000.21899619
       2.11091906      0.04406596      0.00000000    824.03983440
       1.32524096      1.15754064      0.00000000  -2885.77104710
      -0.04178899      0.70146698      0.00000000   1820.91866554
      -1.16182154     -1.48163476      0.00000000    612.51893496
      -2.37713566     -0.81881509      0.00000000  -1372.98419107
      -2.44031774      0.59060577      0.00000000  -2286.38162059
      -1.28611065      1.35334636      0.00000000   -555.53556403
       1.26584879     -1.08237463      0.00000000    235.86530256
       1.37168419     -1.08237463      0.00000000    270.61231200
       1.31876649     -1.13529233      0.00000000   1519.72118429
       1.31876649     -1.02945693      0.00000000   1726.99447190
      -0.05291770     -0.70208822      0.00000000    -91.96350739
       0.05291770     -0.70208822      0.00000000   -248.87764190
       0.00000000     -0.75500592      0.00000000   -246.97495622
       0.00000000     -0.64917052      0.00000000   -415.62653885
       2.05800137      0.04406596      0.00000000   -295.92775618
       2.16383676      0.04406596      0.00000000    -84.65721523
       2.11091906     -0.00885174      0.00000000   -225.16961506
       2.11091906      0.09698366      0.00000000   -242.35538971
       1.27232327      1.15754064      0.00000000    164.72294237
       1.37815866      1.15754064      0.00000000    217.12547059
       1.32524096      1.10462294      0.00000000   1368.29667826
       1.32524096      1.21045834      0.00000000   1152.66508738
      -0.09470669      0.70146698      0.00000000  -1708.54684272
       0.01112871      0.70146698      0.00000000  -1699.99710446
      -0.04178899      0.64854929      0.00000000    796.96449250
      -0.04178899      0.75438469      0.00000000    788.06617502
      -1.21473924     -1.48163476      0.00000000   -472.95457982
      -1.10890384     -1.48163476      0.00000000   -479.89029490
      -1.16182154     -1.53455246      0.00000000    214.61770075
      -1.16182154     -1.42871706      0.00000000    110.72380555
      -2.43005336     -0.81881509      0.00000000    640.52974651
      -2.32421796     -0.81881509      0.00000000    753.91074782
      -2.37713566     -0.87173279      0.00000000     42.49710883
      -2.37713566     -0.76589740      0.00000000    -62.30006362
      -2.49323545      0.59060577      0.00000000    104.16983366
      -2.38740004      0.59060577      0.00000000     60.14338723
      -2.44031774      0.53768808      0.00000000   1103.08729459
      -2.44031774      0.64352347      0.00000000   1022.80817126
      -1.33902835      1.35334636      0.00000000   -514.21888330
      -1.23319294      1.35334636      0.00000000   -535.85580672
      -1.28611065      1.30042866      0.00000000    858.20278666
      -1.28611065      1.40626406      0.00000000    751.83729566
 45 0.0 # 0 nm, 4th Exc. (r8r8) 45
   1.23654057  -2.24688502   0.00000000 1.0 # electr. mom.
       1.31876649     -1.08237463      0.00000000  -3550.64407416
       0.00000000     -0.70208822      0.00000000   1234.44807946
       2.11091906      0.04406596      0.00000000    717.53197382
       1.32524096      1.15754064      0.00000000  -3067.91716526
      -0.04178899      0.70146698      0.00000000   1162.94488867
      -1.16182154     -1.48163476      0.00000000    -34.40206075
      -2.37713566     -0.81881509      0.00000000  -1345.43180938
      -2.44031774      0.59060577      0.00000000  -2142.44037595
      -1.28611065      1.35334636      0.00000000    210.36958426
       1.26584879     -1.08237463      0.00000000    242.17297877
       1.37168419     -1.08237463      0.00000000    296.95675973
       1.31876649     -1.13529233      0.00000000   1417.38380640
       1.31876649     -1.02945693      0.00000000   1609.56253411
      -0.05291770     -0.70208822      0.00000000    111.90882499
       0.05291770     -0.70208822      0.00000000     37.12837075
       0.00000000     -0.75500592      0.00000000   -582.29201381
       0.00000000     -0.64917052      0.00000000   -811.63249661
       2.05800137      0.04406596      0.00000000   -246.28606858
       2.16383676      0.04406596      0.00000000    -40.95144758
       2.11091906     -0.00885174      0.00000000   -224.17681834
       2.11091906      0.09698366      0.00000000   -230.18326795
       1.27232327      1.15754064      0.00000000    160.42357920
       1.37815866      1.15754064      0.00000000    211.92395875
       1.32524096      1.10462294      0.00000000   1470.66927360
       1.32524096      1.21045834      0.00000000   1242.41696155
      -0.09470669      0.70146698      0.00000000  -1757.10079882
       0.01112871      0.70146698      0.00000000  -1806.49369709
      -0.04178899      0.64854929      0.00000000   1241.90016058
      -0.04178899      0.75438469      0.00000000   1163.89848806
      -1.21473924     -1.48163476      0.00000000   -272.36063506
      -1.10890384     -1.48163476      0.00000000   -260.48221810
      -1.16182154     -1.53455246      0.00000000    306.04728485
      -1.16182154     -1.42871706      0.00000000    252.34295702
      -2.43005336     -0.81881509      0.00000000    472.98802286
      -2.32421796     -0.81881509      0.00000000    538.65442522
      -2.37713566     -0.87173279      0.00000000    205.10762606
      -2.37713566     -0.76589740      0.00000000    128.95936008
      -2.49323545      0.59060577      0.00000000    193.34497531
      -2.38740004      0.59060577      0.00000000    193.25080762
      -2.44031774      0.53768808      0.00000000    904.14281366
      -2.44031774      0.64352347      0.00000000    857.83232472
      -1.33902835      1.35334636      0.00000000   -687.05049379
      -1.23319294      1.35334636      0.00000000   -714.87745920
      -1.28611065      1.30042866      0.00000000    622.11296040
      -1.28611065      1.40626406      0.00000000    568.29911981
