  -TYRCASY4-
# PCM CAS(8,7). 9x9x9 grid. Translated 4.8x param from 'mkparam_phpcmr2d_r2.out'
# LS 0.3 CASPT2 energies. (rassi_12367.out). Charge mu.
# r2r1 from TYRCASX4
 7 #Untranslated Woody order
       1.23557695     -0.00671127      0.00000000 1.0  # CZ
       0.54866976      1.20505781      0.00000000 1.0  # CE1
       0.53489462     -1.20761830      0.00000000 1.0  # CE2
      -0.84197834      1.20827128      0.00000000 1.0  # CD1
      -0.86024633     -1.19659626      0.00000000 1.0  # CD2
      -1.55492874      0.00867527      0.00000000 1.0  # CG
       2.59151053      0.04298367      0.00000000 1.0  # O
&TRANSITION 1->...
 35    36492.0  # 274.0 nm,  (r2r1) = 1Lb state
      -0.05632635  -0.69718662   0.00000000 1.0   # electr. mom.
       0.0          0.0          0.2174085006     # magnet. mom.
       2.59150928      0.04298365      0.00000000   -135.97413106
       0.53489436     -1.20761772      0.00000000     23.22962486
       1.23557636     -0.00671127      0.00000000    495.43767653
       0.54866949      1.20505723      0.00000000    -41.82846149
      -0.84197793      1.20827070      0.00000000   -437.24623848
      -1.55492799      0.00867526      0.00000000    154.77807485
      -0.86024592     -1.19659568      0.00000000    257.47767883
       2.53859158      0.04298365      0.00000000     83.30809397
       2.64442698      0.04298365      0.00000000     62.01594062
       2.59150928     -0.00993405      0.00000000     -4.60526477
       2.59150928      0.09590135      0.00000000     -2.79502123
       0.48197666     -1.20761772      0.00000000     -9.19070275
       0.58781206     -1.20761772      0.00000000    -26.28738298
       0.53489436     -1.26053542      0.00000000      5.81900698
       0.53489436     -1.15470002      0.00000000      8.55741437
       1.18265866     -0.00671127      0.00000000   -198.88816550
       1.28849406     -0.00671127      0.00000000   -223.62041510
       1.23557636     -0.05962897      0.00000000    -24.17984501
       1.23557636      0.04620643      0.00000000    -51.08646864
       0.49575179      1.20505723      0.00000000     81.46985971
       0.60158719      1.20505723      0.00000000     85.56464160
       0.54866949      1.15213953      0.00000000    -66.08796888
       0.54866949      1.25797493      0.00000000    -59.96367446
      -0.89489563      1.20827070      0.00000000    222.35313955
      -0.78906023      1.20827070      0.00000000    249.42734976
      -0.84197793      1.15535300      0.00000000    -18.69714106
      -0.84197793      1.26118840      0.00000000    -14.58121186
      -1.60784569      0.00867526      0.00000000    -28.43609966
      -1.50201029      0.00867526      0.00000000    -35.42901274
      -1.55492799     -0.04424244      0.00000000    -38.55706464
      -1.55492799      0.06159296      0.00000000    -53.07753523
      -0.91316362     -1.19659568      0.00000000   -219.95775547
      -0.80732822     -1.19659568      0.00000000   -260.17661222
      -0.86024592     -1.24951338      0.00000000    101.34432269
      -0.86024592     -1.14367798      0.00000000    119.88334891
 35  46205.0  # 216.4 nm,  (r3r1) = 1La state
       1.38590213  -0.15821049   0.00000000 1.0     # electr. mom.
       0.0          0.0         -0.7184570540E-01   # magnet. mom.
       2.59150928      0.04298365      0.00000000    144.12823848
       0.53489436     -1.20761772      0.00000000   -475.87423699
       1.23557636     -0.00671127      0.00000000    252.26197435
       0.54866949      1.20505723      0.00000000   -595.67921246
      -0.84197793      1.20827070      0.00000000    602.25412118
      -1.55492799      0.00867526      0.00000000   -825.48364584
      -0.86024592     -1.19659568      0.00000000    617.81960045
       2.53859158      0.04298365      0.00000000    -43.97312472
       2.64442698      0.04298365      0.00000000    -40.55833805
       2.59150928     -0.00993405      0.00000000    -29.88132038
       2.59150928      0.09590135      0.00000000    -29.27540683
       0.48197666     -1.20761772      0.00000000    126.59486448
       0.58781206     -1.20761772      0.00000000    114.43397731
       0.53489436     -1.26053542      0.00000000    114.43433621
       0.53489436     -1.15470002      0.00000000    120.25713638
       1.18265866     -0.00671127      0.00000000   -149.60946451
       1.28849406     -0.00671127      0.00000000   -157.85386272
       1.23557636     -0.05962897      0.00000000     29.56507253
       1.23557636      0.04620643      0.00000000     26.87073240
       0.49575179      1.20505723      0.00000000    180.69741696
       0.60158719      1.20505723      0.00000000    163.62554093
       0.54866949      1.15213953      0.00000000    128.67488578
       0.54866949      1.25797493      0.00000000    122.86467917
      -0.89489563      1.20827070      0.00000000   -183.39273038
      -0.78906023      1.20827070      0.00000000   -199.82699741
      -0.84197793      1.15535300      0.00000000   -115.52322922
      -0.84197793      1.26118840      0.00000000   -104.78518138
      -1.60784569      0.00867526      0.00000000    168.15153672
      -1.50201029      0.00867526      0.00000000    187.45507296
      -1.55492799     -0.04424244      0.00000000    235.60880923
      -1.55492799      0.06159296      0.00000000    234.81516322
      -0.91316362     -1.19659568      0.00000000   -181.81291430
      -0.80732822     -1.19659568      0.00000000   -195.24548246
      -0.86024592     -1.24951338      0.00000000   -114.95294650
      -0.86024592     -1.14367798      0.00000000   -126.78506453
 35    50932.0  # 196.3 nm,  (r6r1) = 1Ba state
       5.79562640   0.00147495   0.00000000 1.0     # electr. mom.
       0.0               0.0    -0.5751422283E-02   # magnet. mom.
       2.59150928      0.04298365      0.00000000    213.45391680
       0.53489436     -1.20761772      0.00000000    739.07449968
       1.23557636     -0.00671127      0.00000000   -549.20288266
       0.54866949      1.20505723      0.00000000    681.36019589
      -0.84197793      1.20827070      0.00000000   -726.31340002
      -1.55492799      0.00867526      0.00000000    281.58568114
      -0.86024592     -1.19659568      0.00000000   -632.39787811
       2.53859158      0.04298365      0.00000000   -105.32235994
       2.64442698      0.04298365      0.00000000    -79.49050320
       2.59150928     -0.00993405      0.00000000    -15.80597947
       2.59150928      0.09590135      0.00000000    -15.36451133
       0.48197666     -1.20761772      0.00000000   -292.48022333
       0.58781206     -1.20761772      0.00000000   -255.02304475
       0.53489436     -1.26053542      0.00000000    -93.94156522
       0.53489436     -1.15470002      0.00000000    -99.35106926
       1.18265866     -0.00671127      0.00000000    264.07677082
       1.28849406     -0.00671127      0.00000000    303.98844029
       1.23557636     -0.05962897      0.00000000     -8.66918616
       1.23557636      0.04620643      0.00000000     -6.16743475
       0.49575179      1.20505723      0.00000000   -271.05485486
       0.60158719      1.20505723      0.00000000   -229.72177104
       0.54866949      1.15213953      0.00000000    -93.60494434
       0.54866949      1.25797493      0.00000000    -89.10447394
      -0.89489563      1.20827070      0.00000000    210.34572360
      -0.78906023      1.20827070      0.00000000    243.18556618
      -0.84197793      1.15535300      0.00000000    143.23645426
      -0.84197793      1.26118840      0.00000000    132.11312222
      -1.60784569      0.00867526      0.00000000   -233.59730827
      -1.50201029      0.00867526      0.00000000   -253.94863267
      -1.55492799     -0.04424244      0.00000000    100.99148270
      -1.55492799      0.06159296      0.00000000    102.47223461
      -0.91316362     -1.19659568      0.00000000    157.41553368
      -0.80732822     -1.19659568      0.00000000    183.71561443
      -0.86024592     -1.24951338      0.00000000    140.43734698
      -0.86024592     -1.14367798      0.00000000    153.10944000
 35    51963.0  # 192.4 nm,  (r7r1) = 1Bb state
      -0.02200506  -5.32789864   0.00000000 1.0    # electr. mom.
       0.0          0.0         -0.3298715429      # magnet. mom.
       2.59150928      0.04298365      0.00000000      2.65625030
       0.53489436     -1.20761772      0.00000000   1182.00291389
       1.23557636     -0.00671127      0.00000000    -71.65960176
       0.54866949      1.20505723      0.00000000  -1100.14570603
      -0.84197793      1.20827070      0.00000000     -4.15231637
      -1.55492799      0.00867526      0.00000000     -0.77563368
      -0.86024592     -1.19659568      0.00000000    -28.92839026
       2.53859158      0.04298365      0.00000000     -6.07539317
       2.64442698      0.04298365      0.00000000     -4.36380470
       2.59150928     -0.00993405      0.00000000      3.81894864
       2.59150928      0.09590135      0.00000000      3.79502563
       0.48197666     -1.20761772      0.00000000   -434.07759302
       0.58781206     -1.20761772      0.00000000   -379.16869637
       0.53489436     -1.26053542      0.00000000   -179.08625645
       0.53489436     -1.15470002      0.00000000   -193.17141168
       1.18265866     -0.00671127      0.00000000     25.29542242
       1.28849406     -0.00671127      0.00000000     27.15391786
       1.23557636     -0.05962897      0.00000000     17.06864054
       1.23557636      0.04620643      0.00000000      2.45351774
       0.49575179      1.20505723      0.00000000    391.77335458
       0.60158719      1.20505723      0.00000000    341.08733506
       0.54866949      1.15213953      0.00000000    191.53128336
       0.54866949      1.25797493      0.00000000    178.72663325
      -0.89489563      1.20827070      0.00000000    -80.54966813
      -0.78906023      1.20827070      0.00000000   -126.77961840
      -0.84197793      1.15535300      0.00000000    107.70560539
      -0.84197793      1.26118840      0.00000000     99.77245718
      -1.60784569      0.00867526      0.00000000      0.72099302
      -1.50201029      0.00867526      0.00000000      1.63411162
      -1.55492799     -0.04424244      0.00000000     -0.48999677
      -1.55492799      0.06159296      0.00000000     -0.93804053
      -0.91316362     -1.19659568      0.00000000    104.61460656
      -0.80732822     -1.19659568      0.00000000    156.91243762
      -0.86024592     -1.24951338      0.00000000   -108.72151056
      -0.86024592     -1.14367798      0.00000000   -119.63981669
&TRANSITION 2->...
 35    9713.0  # 1029.5 nm,  (r3r2)
      -0.03404419   0.26007346   0.00000000 1.0  # electr. mom.
       0.0          0.0         -1.983345155     # magnet. mom.
       2.59150928      0.04298365      0.00000000     -9.33385075
       0.53489436     -1.20761772      0.00000000    -21.16255714
       1.23557636     -0.00671127      0.00000000    148.26343392
       0.54866949      1.20505723      0.00000000    -38.64071822
      -0.84197793      1.20827070      0.00000000     18.58005696
      -1.55492799      0.00867526      0.00000000    -25.82934355
      -0.86024592     -1.19659568      0.00000000    -22.13198261
       2.53859158      0.04298365      0.00000000      7.78852824
       2.64442698      0.04298365      0.00000000      5.48453765
       2.59150928     -0.00993405      0.00000000     -1.81189838
       2.59150928      0.09590135      0.00000000     -1.90482888
       0.48197666     -1.20761772      0.00000000     23.55439805
       0.58781206     -1.20761772      0.00000000     23.11562894
       0.53489436     -1.26053542      0.00000000    -11.19682541
       0.53489436     -1.15470002      0.00000000    -13.64246362
       1.18265866     -0.00671127      0.00000000    -26.65482739
       1.28849406     -0.00671127      0.00000000    -28.64355715
       1.23557636     -0.05962897      0.00000000    -50.63345971
       1.23557636      0.04620643      0.00000000    -42.72628162
       0.49575179      1.20505723      0.00000000     21.61572288
       0.60158719      1.20505723      0.00000000     16.16152488
       0.54866949      1.15213953      0.00000000      0.81356059
       0.54866949      1.25797493      0.00000000     -0.00715435
      -0.89489563      1.20827070      0.00000000     15.80182450
      -0.78906023      1.20827070      0.00000000     19.32777619
      -0.84197793      1.15535300      0.00000000    -28.34672712
      -0.84197793      1.26118840      0.00000000    -25.40814173
      -1.60784569      0.00867526      0.00000000     10.46799048
      -1.50201029      0.00867526      0.00000000     11.48276611
      -1.55492799     -0.04424244      0.00000000      1.98784675
      -1.55492799      0.06159296      0.00000000      1.99060224
      -0.91316362     -1.19659568      0.00000000    -22.35247757
      -0.80732822     -1.19659568      0.00000000    -31.00140197
      -0.86024592     -1.24951338      0.00000000     35.69895422
      -0.86024592     -1.14367798      0.00000000     39.29334461
 35  14440.0  # 692.5 nm,  (r6r2) 35
    -0.08719829   0.20909228   0.00000000 1.0    # electr. mom.
     0.0          0.0          0.3558985919      # magnet. mom.
       2.59150928      0.04298365      0.00000000    -35.07671890
       0.53489436     -1.20761772      0.00000000   -172.07009256
       1.23557636     -0.00671127      0.00000000     11.38377086
       0.54866949      1.20505723      0.00000000    257.87311248
      -0.84197793      1.20827070      0.00000000   -280.35791746
      -1.55492799      0.00867526      0.00000000     24.45330931
      -0.86024592     -1.19659568      0.00000000    190.36516157
       2.53859158      0.04298365      0.00000000     14.16801710
       2.64442698      0.04298365      0.00000000     12.01615714
       2.59150928     -0.00993405      0.00000000      4.05961867
       2.59150928      0.09590135      0.00000000      4.92921331
       0.48197666     -1.20761772      0.00000000    -19.03380610
       0.58781206     -1.20761772      0.00000000     -3.84932366
       0.53489436     -1.26053542      0.00000000     93.24789019
       0.53489436     -1.15470002      0.00000000     99.77451710
       1.18265866     -0.00671127      0.00000000     38.06620018
       1.28849406     -0.00671127      0.00000000     35.21885155
       1.23557636     -0.05962897      0.00000000    -38.42626051
       1.23557636      0.04620643      0.00000000    -46.21994102
       0.49575179      1.20505723      0.00000000    -10.84262510
       0.60158719      1.20505723      0.00000000    -16.20391445
       0.54866949      1.15213953      0.00000000   -120.33351494
       0.54866949      1.25797493      0.00000000   -109.96322054
      -0.89489563      1.20827070      0.00000000     93.57921586
      -0.78906023      1.20827070      0.00000000     99.68167805
      -0.84197793      1.15535300      0.00000000     43.10030026
      -0.84197793      1.26118840      0.00000000     43.29387480
      -1.60784569      0.00867526      0.00000000     16.19986214
      -1.50201029      0.00867526      0.00000000     22.01896382
      -1.55492799     -0.04424244      0.00000000    -31.06688731
      -1.55492799      0.06159296      0.00000000    -30.98219813
      -0.91316362     -1.19659568      0.00000000     19.06176523
      -0.80732822     -1.19659568      0.00000000     38.71262390
      -0.86024592     -1.24951338      0.00000000   -115.50638890
      -0.86024592     -1.14367798      0.00000000   -131.27129386
 35  15471.0  # 646.4 nm,  (r7r2) 35
  -0.37935268   0.08949956   0.00000000 1.0           # electr. mom.
              0.0               0.0  0.2038478162E-01 # magnet. mom.
       2.59150928      0.04298365      0.00000000    -20.33834779
       0.53489436     -1.20761772      0.00000000    212.26581960
       1.23557636     -0.00671127      0.00000000   -112.74447979
       0.54866949      1.20505723      0.00000000    195.54328685
      -0.84197793      1.20827070      0.00000000    175.24870502
      -1.55492799      0.00867526      0.00000000   -255.80961346
      -0.86024592     -1.19659568      0.00000000    156.14003674
       2.53859158      0.04298365      0.00000000     12.88837080
       2.64442698      0.04298365      0.00000000     10.80263198
       2.59150928     -0.00993405      0.00000000     -2.55327302
       2.59150928      0.09590135      0.00000000     -0.96781090
       0.48197666     -1.20761772      0.00000000   -110.90366146
       0.58781206     -1.20761772      0.00000000   -101.86459546
       0.53489436     -1.26053542      0.00000000     -4.04413867
       0.53489436     -1.15470002      0.00000000      5.16709354
       1.18265866     -0.00671127      0.00000000    -17.26253726
       1.28849406     -0.00671127      0.00000000     -5.66040442
       1.23557636     -0.05962897      0.00000000     68.36436542
       1.23557636      0.04620643      0.00000000     65.41036325
       0.49575179      1.20505723      0.00000000   -112.44602846
       0.60158719      1.20505723      0.00000000   -101.79305458
       0.54866949      1.15213953      0.00000000     15.76988170
       0.54866949      1.25797493      0.00000000      3.74270678
      -0.89489563      1.20827070      0.00000000    -62.66159947
      -0.78906023      1.20827070      0.00000000    -61.84626586
      -0.84197793      1.15535300      0.00000000    -24.15100728
      -0.84197793      1.26118840      0.00000000    -25.71979786
      -1.60784569      0.00867526      0.00000000     34.09246632
      -1.50201029      0.00867526      0.00000000     29.47580597
      -1.55492799     -0.04424244      0.00000000     95.47080264
      -1.55492799      0.06159296      0.00000000     95.65605965
      -0.91316362     -1.19659568      0.00000000    -58.61402256
      -0.80732822     -1.19659568      0.00000000    -58.27492382
      -0.86024592     -1.24951338      0.00000000    -20.52434578
      -0.86024592     -1.14367798      0.00000000    -17.85848837
&TRANSITION 3->...
 35   4727.0  # 2115.5 nm,  (r6r3) 35
   1.48807284  -0.09106818   0.00000000 1.0           # electr. mom.
              0.0               0.0  0.8639312209E-02 # magnet. mom.
       2.59150928      0.04298365      0.00000000     95.82477960
       0.53489436     -1.20761772      0.00000000    606.84022723
       1.23557636     -0.00671127      0.00000000   -100.25727379
       0.54866949      1.20505723      0.00000000    140.65527614
      -0.84197793      1.20827070      0.00000000     90.87267418
      -1.55492799      0.00867526      0.00000000    439.77957734
      -0.86024592     -1.19659568      0.00000000   -353.41451414
       2.53859158      0.04298365      0.00000000    -49.88669285
       2.64442698      0.04298365      0.00000000    -38.44625818
       2.59150928     -0.00993405      0.00000000     -3.90766085
       2.59150928      0.09590135      0.00000000     -4.84615685
       0.48197666     -1.20761772      0.00000000   -214.98854611
       0.58781206     -1.20761772      0.00000000   -184.12219090
       0.53489436     -1.26053542      0.00000000   -103.49581493
       0.53489436     -1.15470002      0.00000000   -105.81629314
       1.18265866     -0.00671127      0.00000000    255.49410422
       1.28849406     -0.00671127      0.00000000    270.59974334
       1.23557636     -0.05962897      0.00000000   -223.34285683
       1.23557636      0.04620643      0.00000000   -200.46883478
       0.49575179      1.20505723      0.00000000     75.14450275
       0.60158719      1.20505723      0.00000000     48.90079685
       0.54866949      1.15213953      0.00000000   -141.42217603
       0.54866949      1.25797493      0.00000000   -123.05166610
      -0.89489563      1.20827070      0.00000000    -21.30914170
      -0.78906023      1.20827070      0.00000000    -30.23327918
      -0.84197793      1.15535300      0.00000000    -18.26947987
      -0.84197793      1.26118840      0.00000000    -21.74375851
      -1.60784569      0.00867526      0.00000000   -181.02478358
      -1.50201029      0.00867526      0.00000000   -182.68935269
      -1.55492799     -0.04424244      0.00000000    -32.34233611
      -1.55492799      0.06159296      0.00000000    -44.18543741
      -0.91316362     -1.19659568      0.00000000    202.93825190
      -0.80732822     -1.19659568      0.00000000    242.43571219
      -0.86024592     -1.24951338      0.00000000    -40.40657904
      -0.86024592     -1.14367798      0.00000000    -49.81456219
 35   5758.0  # 1736.7 nm,  (r7r3) 35
   0.06188870  -0.59855896   0.00000000 1.0           # electr. mom.
              0.0               0.0      0.1938816566 # magnet. mom.
       2.59150928      0.04298365      0.00000000    -56.80432771
       0.53489436     -1.20761772      0.00000000    343.96857984
       1.23557636     -0.00671127      0.00000000     68.09730778
       0.54866949      1.20505723      0.00000000   -148.10345506
      -0.84197793      1.20827070      0.00000000    -81.01286400
      -1.55492799      0.00867526      0.00000000     87.84957902
      -0.86024592     -1.19659568      0.00000000     45.39205238
       2.53859158      0.04298365      0.00000000     25.91228045
       2.64442698      0.04298365      0.00000000     19.66331674
       2.59150928     -0.00993405      0.00000000      5.46859661
       2.59150928      0.09590135      0.00000000      6.28629168
       0.48197666     -1.20761772      0.00000000   -190.35928829
       0.58781206     -1.20761772      0.00000000   -168.20208542
       0.53489436     -1.26053542      0.00000000      5.87880528
       0.53489436     -1.15470002      0.00000000      5.81837971
       1.18265866     -0.00671127      0.00000000    -36.87609163
       1.28849406     -0.00671127      0.00000000    -43.95000989
       1.23557636     -0.05962897      0.00000000     23.33978923
       1.23557636      0.04620643      0.00000000    -10.87510214
       0.49575179      1.20505723      0.00000000    108.70889155
       0.60158719      1.20505723      0.00000000     91.08807576
       0.54866949      1.15213953      0.00000000    -26.39638805
       0.54866949      1.25797493      0.00000000    -23.19109099
      -0.89489563      1.20827070      0.00000000    -63.90757104
      -0.78906023      1.20827070      0.00000000    -89.97184906
      -0.84197793      1.15535300      0.00000000    128.79463229
      -0.84197793      1.26118840      0.00000000    105.56864088
      -1.60784569      0.00867526      0.00000000    -14.58262229
      -1.50201029      0.00867526      0.00000000    -16.30915392
      -1.55492799     -0.04424244      0.00000000    -23.59581514
      -1.55492799      0.06159296      0.00000000    -33.57896822
      -0.91316362     -1.19659568      0.00000000     84.04830912
      -0.80732822     -1.19659568      0.00000000    115.53638266
      -0.86024592     -1.24951338      0.00000000   -111.13663243
      -0.86024592     -1.14367798      0.00000000   -132.56659565
&TRANSITION 4->...
 35   1031.0  # 9699.3 nm,  (r7r6) 35
  -0.02861315   0.22079985   0.00000000 1.0           # electr. mom.
              0.0               0.0      -.6922170416 # magnet. mom.
       2.59150928      0.04298365      0.00000000     17.95361717
       0.53489436     -1.20761772      0.00000000    -79.68137611
       1.23557636     -0.00671127      0.00000000   -115.51194437
       0.54866949      1.20505723      0.00000000    196.05966499
      -0.84197793      1.20827070      0.00000000     24.18781066
      -1.55492799      0.00867526      0.00000000      3.27544963
      -0.86024592     -1.19659568      0.00000000    -25.42560389
       2.53859158      0.04298365      0.00000000    -14.03637115
       2.64442698      0.04298365      0.00000000     -9.91459810
       2.59150928     -0.00993405      0.00000000      2.95834714
       2.59150928      0.09590135      0.00000000      2.62170547
       0.48197666     -1.20761772      0.00000000     22.61200464
       0.58781206     -1.20761772      0.00000000     22.98484958
       0.53489436     -1.26053542      0.00000000     15.48826464
       0.53489436     -1.15470002      0.00000000     18.68170286
       1.18265866     -0.00671127      0.00000000     86.35292376
       1.28849406     -0.00671127      0.00000000     87.86403403
       1.23557636     -0.05962897      0.00000000    -33.32300563
       1.23557636      0.04620643      0.00000000    -24.72148320
       0.49575179      1.20505723      0.00000000    -24.65676840
       0.60158719      1.20505723      0.00000000    -27.48297197
       0.54866949      1.15213953      0.00000000    -77.09111131
       0.54866949      1.25797493      0.00000000    -67.04909995
      -0.89489563      1.20827070      0.00000000     -7.88635483
      -0.78906023      1.20827070      0.00000000     -9.47487926
      -0.84197793      1.15535300      0.00000000     -4.67172869
      -0.84197793      1.26118840      0.00000000     -2.54105434
      -1.60784569      0.00867526      0.00000000     -7.26994306
      -1.50201029      0.00867526      0.00000000     -5.98156277
      -1.55492799     -0.04424244      0.00000000      4.96209787
      -1.55492799      0.06159296      0.00000000      5.23788542
      -0.91316362     -1.19659568      0.00000000     27.16570651
      -0.80732822     -1.19659568      0.00000000     31.49091019
      -0.86024592     -1.24951338      0.00000000    -15.41465275
      -0.86024592     -1.14367798      0.00000000    -17.76246475
&PERMANENT MOMENTS
 35 0.0 # 0 nm, Grd. (r1r1) 35
  -0.15749616  -1.86603626   0.00000000 1.0 # electr. mom.
       2.59150928      0.04298365      0.00000000  -1924.10150683
       0.53489436     -1.20761772      0.00000000  -1472.54504770
       1.23557636     -0.00671127      0.00000000   2497.02559066
       0.54866949      1.20505723      0.00000000  -1471.43893886
      -0.84197793      1.20827070      0.00000000   -616.03295818
      -1.55492799      0.00867526      0.00000000   -871.46214854
      -0.86024592     -1.19659568      0.00000000   -583.90681046
       2.53859158      0.04298365      0.00000000    638.75816098
       2.64442698      0.04298365      0.00000000    555.70149154
       2.59150928     -0.00993405      0.00000000    400.40103619
       2.59150928      0.09590135      0.00000000    335.36552846
       0.48197666     -1.20761772      0.00000000    241.18450646
       0.58781206     -1.20761772      0.00000000    283.35191280
       0.53489436     -1.26053542      0.00000000    440.83310755
       0.53489436     -1.15470002      0.00000000    516.39761429
       1.18265866     -0.00671127      0.00000000   -539.58730824
       1.28849406     -0.00671127      0.00000000   -549.05070187
       1.23557636     -0.05962897      0.00000000   -769.77916814
       1.23557636      0.04620643      0.00000000   -653.30047766
       0.49575179      1.20505723      0.00000000    544.73951774
       0.60158719      1.20505723      0.00000000    488.11764898
       0.54866949      1.15213953      0.00000000    216.13401744
       0.54866949      1.25797493      0.00000000    227.58120691
      -0.89489563      1.20827070      0.00000000     -0.01520006
      -0.78906023      1.20827070      0.00000000    -87.03183725
      -0.84197793      1.15535300      0.00000000    366.39633254
      -0.84197793      1.26118840      0.00000000    334.42500672
      -1.60784569      0.00867526      0.00000000    403.92961229
      -1.50201029      0.00867526      0.00000000    397.60028582
      -1.55492799     -0.04424244      0.00000000     44.82510989
      -1.55492799      0.06159296      0.00000000     22.37399438
      -0.91316362     -1.19659568      0.00000000    -42.56573429
      -0.80732822     -1.19659568      0.00000000    -77.75350320
      -0.86024592     -1.24951338      0.00000000    350.98667347
      -0.86024592     -1.14367798      0.00000000    352.44298613
 35 0.0 # 0 nm, 1st Exc. (r2r2) 35
  -0.27436031  -1.89076488   0.00000000 1.0 # electr. mom.
       2.59150928      0.04298365      0.00000000  -2205.70471032
       0.53489436     -1.20761772      0.00000000  -3003.41318842
       1.23557636     -0.00671127      0.00000000   4740.91499434
       0.54866949      1.20505723      0.00000000  -2124.42920827
      -0.84197793      1.20827070      0.00000000   -548.14161648
      -1.55492799      0.00867526      0.00000000   -825.95875243
      -0.86024592     -1.19659568      0.00000000   -193.71857688
       2.53859158      0.04298365      0.00000000    676.26396192
       2.64442698      0.04298365      0.00000000    570.55042397
       2.59150928     -0.00993405      0.00000000    514.44075974
       2.59150928      0.09590135      0.00000000    453.13345056
       0.48197666     -1.20761772      0.00000000    986.39369962
       0.58781206     -1.20761772      0.00000000    923.96598446
       0.53489436     -1.26053542      0.00000000    509.02108056
       0.53489436     -1.15470002      0.00000000    602.19467539
       1.18265866     -0.00671127      0.00000000  -1278.40392773
       1.28849406     -0.00671127      0.00000000  -1280.73548683
       1.23557636     -0.05962897      0.00000000  -1151.86390584
       1.23557636      0.04620643      0.00000000  -1051.81903709
       0.49575179      1.20505723      0.00000000    815.84302128
       0.60158719      1.20505723      0.00000000    730.27539302
       0.54866949      1.15213953      0.00000000    302.75434656
       0.54866949      1.25797493      0.00000000    285.64775098
      -0.89489563      1.20827070      0.00000000    -96.24443683
      -0.78906023      1.20827070      0.00000000   -204.95098315
      -0.84197793      1.15535300      0.00000000    439.69365494
      -0.84197793      1.26118840      0.00000000    404.76535080
      -1.60784569      0.00867526      0.00000000    429.79578902
      -1.50201029      0.00867526      0.00000000    427.94098488
      -1.55492799     -0.04424244      0.00000000    -13.38929496
      -1.55492799      0.06159296      0.00000000    -21.28232400
      -0.91316362     -1.19659568      0.00000000   -213.96873542
      -0.80732822     -1.19659568      0.00000000   -335.15434598
      -0.86024592     -1.24951338      0.00000000    360.35389915
      -0.86024592     -1.14367798      0.00000000    375.22930939
 35 0.0 # 0 nm, 2nd Exc. (r3r3) 35
   2.57808686  -1.78202820   0.00000000 1.0 # electr. mom.
       2.59150928      0.04298365      0.00000000  -2130.28508213
       0.53489436     -1.20761772      0.00000000  -4141.60188144
       1.23557636     -0.00671127      0.00000000   5249.55833784
       0.54866949      1.20505723      0.00000000  -2442.45488717
      -0.84197793      1.20827070      0.00000000   -298.86572981
      -1.55492799      0.00867526      0.00000000  -1916.94511632
      -0.86024592     -1.19659568      0.00000000    448.98565277
       2.53859158      0.04298365      0.00000000    651.50498837
       2.64442698      0.04298365      0.00000000    540.36514541
       2.59150928     -0.00993405      0.00000000    504.35508821
       2.59150928      0.09590135      0.00000000    444.03678384
       0.48197666     -1.20761772      0.00000000   1553.80218230
       0.58781206     -1.20761772      0.00000000   1410.00418930
       0.53489436     -1.26053542      0.00000000    554.08593571
       0.53489436     -1.15470002      0.00000000    648.55549555
       1.18265866     -0.00671127      0.00000000  -1528.37101934
       1.28849406     -0.00671127      0.00000000  -1545.73866072
       1.23557636     -0.05962897      0.00000000  -1149.49572835
       1.23557636      0.04620643      0.00000000  -1048.91683061
       0.49575179      1.20505723      0.00000000    934.27349074
       0.60158719      1.20505723      0.00000000    827.46651058
       0.54866949      1.15213953      0.00000000    357.47538221
       0.54866949      1.25797493      0.00000000    335.65543056
      -0.89489563      1.20827070      0.00000000   -268.52914099
      -0.78906023      1.20827070      0.00000000   -407.67874094
      -0.84197793      1.15535300      0.00000000    502.37847187
      -0.84197793      1.26118840      0.00000000    465.29809819
      -1.60784569      0.00867526      0.00000000    594.36510797
      -1.50201029      0.00867526      0.00000000    607.39937016
      -1.55492799     -0.04424244      0.00000000    360.84938443
      -1.55492799      0.06159296      0.00000000    351.71309141
      -0.91316362     -1.19659568      0.00000000   -550.66996867
      -0.80732822     -1.19659568      0.00000000   -755.47941408
      -0.86024592     -1.24951338      0.00000000    411.56188027
      -0.86024592     -1.14367798      0.00000000    431.34218280
 35 0.0 # 0 nm, 3rd Exc. (r6r6) 35
   1.94379795  -1.83538966   0.00000000 1.0 # electr. mom.
       2.59150928      0.04298365      0.00000000  -2104.92830160
       0.53489436     -1.20761772      0.00000000  -2968.94001955
       1.23557636     -0.00671127      0.00000000   4778.39202974
       0.54866949      1.20505723      0.00000000  -2348.00595902
      -0.84197793      1.20827070      0.00000000   -711.50000990
      -1.55492799      0.00867526      0.00000000  -1176.99612576
      -0.86024592     -1.19659568      0.00000000   -419.58363538
       2.53859158      0.04298365      0.00000000    660.31864008
       2.64442698      0.04298365      0.00000000    560.64612211
       2.59150928     -0.00993405      0.00000000    478.01464896
       2.59150928      0.09590135      0.00000000    414.52018886
       0.48197666     -1.20761772      0.00000000   1025.17773394
       0.58781206     -1.20761772      0.00000000    955.98062568
       0.53489436     -1.26053542      0.00000000    459.39825538
       0.53489436     -1.15470002      0.00000000    546.87444686
       1.18265866     -0.00671127      0.00000000  -1240.24718275
       1.28849406     -0.00671127      0.00000000  -1239.80410814
       1.23557636     -0.05962897      0.00000000  -1211.66279314
       1.23557636      0.04620643      0.00000000  -1107.87477350
       0.49575179      1.20505723      0.00000000    957.29562096
       0.60158719      1.20505723      0.00000000    854.95073683
       0.54866949      1.15213953      0.00000000    278.82492264
       0.54866949      1.25797493      0.00000000    267.91960997
      -0.89489563      1.20827070      0.00000000    -37.06887062
      -0.78906023      1.20827070      0.00000000   -151.96975344
      -0.84197793      1.15535300      0.00000000    466.25421096
      -0.84197793      1.26118840      0.00000000    428.56477138
      -1.60784569      0.00867526      0.00000000    508.48388832
      -1.50201029      0.00867526      0.00000000    507.86096021
      -1.55492799     -0.04424244      0.00000000     84.88229856
      -1.55492799      0.06159296      0.00000000     72.39201144
      -0.91316362     -1.19659568      0.00000000   -167.27068368
      -0.80732822     -1.19659568      0.00000000   -286.18744234
      -0.86024592     -1.24951338      0.00000000    424.31954491
      -0.86024592     -1.14367798      0.00000000    440.96839094
 35 0.0 # 0 nm, 4th Exc. (r7r7) 35
   0.04690673  -1.76174511   0.00000000 1.0 # electr. mom.
       2.59150928      0.04298365      0.00000000  -2204.12660366
       0.53489436     -1.20761772      0.00000000  -3323.73920011
       1.23557636     -0.00671127      0.00000000   4830.30737606
       0.54866949      1.20505723      0.00000000  -2341.95905122
      -0.84197793      1.20827070      0.00000000   -538.29001594
      -1.55492799      0.00867526      0.00000000  -1193.05124006
      -0.86024592     -1.19659568      0.00000000   -209.74860398
       2.53859158      0.04298365      0.00000000    666.00444312
       2.64442698      0.04298365      0.00000000    560.04657365
       2.59150928     -0.00993405      0.00000000    523.84917134
       2.59150928      0.09590135      0.00000000    463.04404680
       0.48197666     -1.20761772      0.00000000   1063.56867869
       0.58781206     -1.20761772      0.00000000    995.30997024
       0.53489436     -1.26053542      0.00000000    591.06339101
       0.53489436     -1.15470002      0.00000000    693.14805566
       1.18265866     -0.00671127      0.00000000  -1352.48610043
       1.28849406     -0.00671127      0.00000000  -1347.30507154
       1.23557636     -0.05962897      0.00000000  -1126.60287792
       1.23557636      0.04620643      0.00000000  -1026.88980154
       0.49575179      1.20505723      0.00000000    875.30309938
       0.60158719      1.20505723      0.00000000    781.33299917
       0.54866949      1.15213953      0.00000000    360.82675570
       0.54866949      1.25797493      0.00000000    336.06115358
      -0.89489563      1.20827070      0.00000000   -150.04387037
      -0.78906023      1.20827070      0.00000000   -273.35614930
      -0.84197793      1.15535300      0.00000000    494.39510477
      -0.84197793      1.26118840      0.00000000    461.02928021
      -1.60784569      0.00867526      0.00000000    498.43575038
      -1.50201029      0.00867526      0.00000000    508.06344384
      -1.55492799     -0.04424244      0.00000000     94.65384662
      -1.55492799      0.06159296      0.00000000     89.75177280
      -0.91316362     -1.19659568      0.00000000   -216.07583453
      -0.80732822     -1.19659568      0.00000000   -347.77335442
      -0.86024592     -1.24951338      0.00000000    376.80039989
      -0.86024592     -1.14367798      0.00000000    388.45246210
