  -UREA04C2-
# Dimethylurea, 4 transitions
3
       1.1608     -0.6549      0.0000      1.0000   # N'
       0.0000      1.3109      0.0000      1.0000   # O
      -1.1608     -0.6549      0.0000      1.0000   # N
&TRANSITION 1->...
 48          54946.    # Energy 1->2
       0.0000      0.0000      0.0000   1.000  # Electr. mom., scale-fac
       0.0000     -0.8816      0.0000          # Magnetic mom.          
      -0.05291772      0.02455806     -0.05291772    -51.51060104
      -0.05291772      0.02455806      0.05291772     51.51068497
      -0.05291772      0.13039351     -0.05291772     44.89503098
      -0.05291772      0.13039351      0.05291772    -44.89509964
       0.05291772      0.02455806     -0.05291772     51.51070023
       0.05291772      0.02455806      0.05291772    -51.51078796
       0.05291772      0.13039351     -0.05291772    -44.89511871
       0.05291772      0.13039351      0.05291772     44.89519119
       1.10790503     -0.70781374     -0.05291772      9.96987438
       1.10790503     -0.70781374      0.05291772     -9.96987534
       1.10790503     -0.60197824     -0.05291772    -14.12085915
       1.10790503     -0.60197824      0.05291772     14.12086773
       1.21374047     -0.70781374     -0.05291772     -8.22696972
       1.21374047     -0.70781374      0.05291772      8.22696877
       1.21374047     -0.60197824     -0.05291772     11.66843414
       1.21374047     -0.60197824      0.05291772    -11.66843891
      -1.21374047     -0.70781374     -0.05291772      8.22736549
      -1.21374047     -0.70781374      0.05291772     -8.22735500
      -1.21374047     -0.60197824     -0.05291772    -11.66880512
      -1.21374047     -0.60197824      0.05291772     11.66879940
      -1.10790503     -0.70781374     -0.05291772     -9.97024536
      -1.10790503     -0.70781374      0.05291772      9.97023773
      -1.10790503     -0.60197824     -0.05291772     14.12121105
      -1.10790503     -0.60197824      0.05291772    -14.12120914
      -0.05291772      1.25795424     -0.05291772      6.17742348
      -0.05291772      1.25795424      0.05291772     -6.17742252
      -0.05291772      1.36378968     -0.05291772    -11.91246605
      -0.05291772      1.36378968      0.05291772     11.91246605
       0.05291772      1.25795424     -0.05291772     -6.17737865
       0.05291772      1.25795424      0.05291772      6.17737770
       0.05291772      1.36378968     -0.05291772     11.91241550
       0.05291772      1.36378968      0.05291772    -11.91241550
       1.08576000     -1.71586883     -0.05291772      0.13608052
       1.08576000     -1.71586883      0.05291772     -0.13607778
       1.08576000     -1.61003339     -0.05291772     -0.47519174
       1.08576000     -1.61003339      0.05291772      0.47518811
       1.19159555     -1.71586883     -0.05291772     -0.15715124
       1.19159555     -1.71586883      0.05291772      0.15714832
       1.19159555     -1.61003339     -0.05291772      0.57823974
       1.19159555     -1.61003339      0.05291772     -0.57823586
      -1.19159555     -1.71586883     -0.05291772      0.15716259
      -1.19159555     -1.71586883      0.05291772     -0.15715799
      -1.19159555     -1.61003339     -0.05291772     -0.57825869
      -1.19159555     -1.61003339      0.05291772      0.57825243
      -1.08576000     -1.71586883     -0.05291772     -0.13608642
      -1.08576000     -1.71586883      0.05291772      0.13608205
      -1.08576000     -1.61003339     -0.05291772      0.47520635
      -1.08576000     -1.61003339      0.05291772     -0.47520041
 48          58820.    # Energy 1->3
       3.2304     -0.0007      0.0000   1.000  # Electr. mom., scale-fac
       0.0000      0.0000     -0.0546          # Magnetic mom.          
      -0.05291772      0.02455806     -0.05291772     24.79946327
      -0.05291772      0.02455806      0.05291772     24.79970169
      -0.05291772      0.13039351     -0.05291772    -21.71752167
      -0.05291772      0.13039351      0.05291772    -21.71767998
       0.05291772      0.02455806     -0.05291772    -24.80017281
       0.05291772      0.02455806      0.05291772    -24.80041313
       0.05291772      0.13039351     -0.05291772     21.71824265
       0.05291772      0.13039351      0.05291772     21.71840668
       1.10790503     -0.70781374     -0.05291772      9.10822392
       1.10790503     -0.70781374      0.05291772      9.10853195
       1.10790503     -0.60197824     -0.05291772     -7.62537241
       1.10790503     -0.60197824      0.05291772     -7.62570286
       1.21374047     -0.70781374     -0.05291772     -8.35834885
       1.21374047     -0.70781374      0.05291772     -8.35865974
       1.21374047     -0.60197824     -0.05291772      7.33006668
       1.21374047     -0.60197824      0.05291772      7.33039093
      -1.21374047     -0.70781374     -0.05291772      8.35548019
      -1.21374047     -0.70781374      0.05291772      8.35560513
      -1.21374047     -0.60197824     -0.05291772     -7.32751703
      -1.21374047     -0.60197824      0.05291772     -7.32764864
      -1.10790503     -0.70781374     -0.05291772     -9.10494328
      -1.10790503     -0.70781374      0.05291772     -9.10505486
      -1.10790503     -0.60197824     -0.05291772      7.62251997
      -1.10790503     -0.60197824      0.05291772      7.62264633
      -0.05291772      1.25795424     -0.05291772      2.68381143
      -0.05291772      1.25795424      0.05291772      2.68379474
      -0.05291772      1.36378968     -0.05291772     -1.99454319
      -0.05291772      1.36378968      0.05291772     -1.99452996
       0.05291772      1.25795424     -0.05291772     -2.68406463
       0.05291772      1.25795424      0.05291772     -2.68405247
       0.05291772      1.36378968     -0.05291772      1.99470925
       0.05291772      1.36378968      0.05291772      1.99469972
       1.08576000     -1.71586883     -0.05291772      1.47440028
       1.08576000     -1.71586883      0.05291772      1.47444689
       1.08576000     -1.61003339     -0.05291772     -2.11372304
       1.08576000     -1.61003339      0.05291772     -2.11378312
       1.19159555     -1.71586883     -0.05291772     -1.33455133
       1.19159555     -1.71586883      0.05291772     -1.33460379
       1.19159555     -1.61003339     -0.05291772      1.89332330
       1.19159555     -1.61003339      0.05291772      1.89339042
      -1.19159555     -1.71586883     -0.05291772      1.33402419
      -1.19159555     -1.71586883      0.05291772      1.33405173
      -1.19159555     -1.61003339     -0.05291772     -1.89258981
      -1.19159555     -1.61003339      0.05291772     -1.89262068
      -1.08576000     -1.71586883     -0.05291772     -1.47381258
      -1.08576000     -1.71586883      0.05291772     -1.47383380
      -1.08576000     -1.61003339     -0.05291772      2.11289501
      -1.08576000     -1.61003339      0.05291772      2.11291814
 48          62884.    # Energy 1->4
      -0.0008     -3.1478      0.0000   1.000  # Electr. mom., scale-fac
       0.0000      0.0000      0.0000          # Magnetic mom.          
      -0.05291772      0.02455806     -0.05291772     -1.58829391
      -0.05291772      0.02455806      0.05291772     -1.58817601
      -0.05291772      0.13039351     -0.05291772      1.63675594
      -0.05291772      0.13039351      0.05291772      1.63665414
       0.05291772      0.02455806     -0.05291772     -1.57721055
       0.05291772      0.02455806      0.05291772     -1.57747817
       0.05291772      0.13039351     -0.05291772      1.62707841
       0.05291772      0.13039351      0.05291772      1.62732649
       1.10790503     -0.70781374     -0.05291772      6.94358540
       1.10790503     -0.70781374      0.05291772      6.94410849
       1.10790503     -0.60197824     -0.05291772     -6.12477589
       1.10790503     -0.60197824      0.05291772     -6.12531996
       1.21374047     -0.70781374     -0.05291772     -6.11851454
       1.21374047     -0.70781374      0.05291772     -6.11897707
       1.21374047     -0.60197824     -0.05291772      5.52186918
       1.21374047     -0.60197824      0.05291772      5.52234745
      -1.21374047     -0.70781374     -0.05291772     -6.12253380
      -1.21374047     -0.70781374      0.05291772     -6.12298679
      -1.21374047     -0.60197824     -0.05291772      5.52543545
      -1.21374047     -0.60197824      0.05291772      5.52591753
      -1.10790503     -0.70781374     -0.05291772      6.94797182
      -1.10790503     -0.70781374      0.05291772      6.94847441
      -1.10790503     -0.60197824     -0.05291772     -6.12850332
      -1.10790503     -0.60197824      0.05291772     -6.12904692
      -0.05291772      1.25795424     -0.05291772     -0.61180276
      -0.05291772      1.25795424      0.05291772     -0.61177200
      -0.05291772      1.36378968     -0.05291772      0.40747237
      -0.05291772      1.36378968      0.05291772      0.40745163
       0.05291772      1.25795424     -0.05291772     -0.61058426
       0.05291772      1.25795424      0.05291772     -0.61059952
       0.05291772      1.36378968     -0.05291772      0.40656662
       0.05291772      1.36378968      0.05291772      0.40657964
       1.08576000     -1.71586883     -0.05291772      1.25625777
       1.08576000     -1.71586883      0.05291772      1.25626671
       1.08576000     -1.61003339     -0.05291772     -1.75804472
       1.08576000     -1.61003339      0.05291772     -1.75806499
       1.19159555     -1.71586883     -0.05291772     -1.15074229
       1.19159555     -1.71586883      0.05291772     -1.15075421
       1.19159555     -1.61003339     -0.05291772      1.58529222
       1.19159555     -1.61003339      0.05291772      1.58531463
      -1.19159555     -1.71586883     -0.05291772     -1.15137446
      -1.19159555     -1.71586883      0.05291772     -1.15138471
      -1.19159555     -1.61003339     -0.05291772      1.58619463
      -1.19159555     -1.61003339      0.05291772      1.58621383
      -1.08576000     -1.71586883     -0.05291772      1.25695622
      -1.08576000     -1.71586883      0.05291772      1.25695717
      -1.08576000     -1.61003339     -0.05291772     -1.75904953
      -1.08576000     -1.61003339      0.05291772     -1.75905836
 48          93485.    # Energy 1->5
       0.0002     -0.5388      0.0000   1.000  # Electr. mom., scale-fac
       0.0000      0.0000      0.0000          # Magnetic mom.          
      -0.05291772      0.02455806     -0.05291772      0.81067032
      -0.05291772      0.02455806      0.05291772      0.81059372
      -0.05291772      0.13039351     -0.05291772     -0.55104786
      -0.05291772      0.13039351      0.05291772     -0.55095214
       0.05291772      0.02455806     -0.05291772      0.81083208
       0.05291772      0.02455806      0.05291772      0.81079656
       0.05291772      0.13039351     -0.05291772     -0.55116308
       0.05291772      0.13039351      0.05291772     -0.55108887
       1.10790503     -0.70781374     -0.05291772     -7.77641916
       1.10790503     -0.70781374      0.05291772     -7.77625751
       1.10790503     -0.60197824     -0.05291772      6.92858410
       1.10790503     -0.60197824      0.05291772      6.92839670
       1.21374047     -0.70781374     -0.05291772      7.35901880
       1.21374047     -0.70781374      0.05291772      7.35893297
       1.21374047     -0.60197824     -0.05291772     -6.72227526
       1.21374047     -0.60197824      0.05291772     -6.72216606
      -1.21374047     -0.70781374     -0.05291772      7.36020756
      -1.21374047     -0.70781374      0.05291772      7.36016464
      -1.21374047     -0.60197824     -0.05291772     -6.72348452
      -1.21374047     -0.60197824      0.05291772     -6.72342157
      -1.10790503     -0.70781374     -0.05291772     -7.77774048
      -1.10790503     -0.70781374      0.05291772     -7.77762413
      -1.10790503     -0.60197824     -0.05291772      6.92991114
      -1.10790503     -0.60197824      0.05291772      6.92977333
      -0.05291772      1.25795424     -0.05291772     -0.24881233
      -0.05291772      1.25795424      0.05291772     -0.24883232
      -0.05291772      1.36378968     -0.05291772      0.16270445
      -0.05291772      1.36378968      0.05291772      0.16272175
       0.05291772      1.25795424     -0.05291772     -0.24886259
       0.05291772      1.25795424      0.05291772     -0.24887244
       0.05291772      1.36378968     -0.05291772      0.16274807
       0.05291772      1.36378968      0.05291772      0.16275375
       1.08576000     -1.71586883     -0.05291772     -1.19936597
       1.08576000     -1.71586883      0.05291772     -1.19935071
       1.08576000     -1.61003339     -0.05291772      1.72454643
       1.08576000     -1.61003339      0.05291772      1.72452760
       1.19159555     -1.71586883     -0.05291772      1.14804661
       1.19159555     -1.71586883      0.05291772      1.14804471
       1.19159555     -1.61003339     -0.05291772     -1.63567424
       1.19159555     -1.61003339      0.05291772     -1.63567317
      -1.19159555     -1.71586883     -0.05291772      1.14822245
      -1.19159555     -1.71586883      0.05291772      1.14822817
      -1.19159555     -1.61003339     -0.05291772     -1.63592923
      -1.19159555     -1.61003339      0.05291772     -1.63593876
      -1.08576000     -1.71586883     -0.05291772     -1.19955134
      -1.08576000     -1.71586883      0.05291772     -1.19954133
      -1.08576000     -1.61003339     -0.05291772      1.72481525
      -1.08576000     -1.61003339      0.05291772      1.72480404
&TRANSITION 2->...
 48              0.    # Energy 2->3
       0.0000      0.0000      0.1420   1.000  # Electr. mom., scale-fac
       0.0629     -0.0001      0.0000          # Magnetic mom.          
      -0.05291772      0.02455806     -0.05291772      0.37690854
      -0.05291772      0.02455806      0.05291772     -0.37691057
      -0.05291772      0.13039351     -0.05291772     -0.19606671
      -0.05291772      0.13039351      0.05291772      0.19606873
       0.05291772      0.02455806     -0.05291772      0.39448524
       0.05291772      0.02455806      0.05291772     -0.39449215
       0.05291772      0.13039351     -0.05291772     -0.21243183
       0.05291772      0.13039351      0.05291772      0.21243985
       1.10790503     -0.70781374     -0.05291772      8.51192188
       1.10790503     -0.70781374      0.05291772     -8.51190472
       1.10790503     -0.60197824     -0.05291772    -11.00256348
       1.10790503     -0.60197824      0.05291772     11.00254726
       1.21374047     -0.70781374     -0.05291772     -8.25168896
       1.21374047     -0.70781374      0.05291772      8.25167656
       1.21374047     -0.60197824     -0.05291772     10.29375839
       1.21374047     -0.60197824      0.05291772    -10.29374599
      -1.21374047     -0.70781374     -0.05291772     -8.25106335
      -1.21374047     -0.70781374      0.05291772      8.25106144
      -1.21374047     -0.60197824     -0.05291772     10.29171562
      -1.21374047     -0.60197824      0.05291772    -10.29171276
      -1.10790503     -0.70781374     -0.05291772      8.51090908
      -1.10790503     -0.70781374      0.05291772     -8.51090240
      -1.10790503     -0.60197824     -0.05291772    -10.99982929
      -1.10790503     -0.60197824      0.05291772     10.99982262
      -0.05291772      1.25795424     -0.05291772      0.04196847
      -0.05291772      1.25795424      0.05291772     -0.04196873
      -0.05291772      1.36378968     -0.05291772     -0.03249610
      -0.05291772      1.36378968      0.05291772      0.03249623
       0.05291772      1.25795424     -0.05291772      0.04208819
       0.05291772      1.25795424      0.05291772     -0.04209158
       0.05291772      1.36378968     -0.05291772     -0.03473174
       0.05291772      1.36378968      0.05291772      0.03473423
       1.08576000     -1.71586883     -0.05291772      0.73763800
       1.08576000     -1.71586883      0.05291772     -0.73763680
       1.08576000     -1.61003339     -0.05291772     -1.14289606
       1.08576000     -1.61003339      0.05291772      1.14289427
       1.19159555     -1.71586883     -0.05291772     -0.93422389
       1.19159555     -1.71586883      0.05291772      0.93422347
       1.19159555     -1.61003339     -0.05291772      1.45270002
       1.19159555     -1.61003339      0.05291772     -1.45269930
      -1.19159555     -1.71586883     -0.05291772     -0.93454260
      -1.19159555     -1.71586883      0.05291772      0.93454492
      -1.19159555     -1.61003339     -0.05291772      1.45302415
      -1.19159555     -1.61003339      0.05291772     -1.45302701
      -1.08576000     -1.71586883     -0.05291772      0.73801082
      -1.08576000     -1.71586883      0.05291772     -0.73801231
      -1.08576000     -1.61003339     -0.05291772     -1.14332569
      -1.08576000     -1.61003339      0.05291772      1.14332747
 48              0.    # Energy 2->4
       0.0000      0.0000      0.0000   1.000  # Electr. mom., scale-fac
       0.0000     -0.5602      0.0000          # Magnetic mom.          
      -0.05291772      0.02455806     -0.05291772    -50.11157990
      -0.05291772      0.02455806      0.05291772     50.11159897
      -0.05291772      0.13039351     -0.05291772     46.05878448
      -0.05291772      0.13039351      0.05291772    -46.05881119
       0.05291772      0.02455806     -0.05291772     50.11133957
       0.05291772      0.02455806      0.05291772    -50.11135864
       0.05291772      0.13039351     -0.05291772    -46.05861282
       0.05291772      0.13039351      0.05291772     46.05863953
       1.10790503     -0.70781374     -0.05291772      3.04102683
       1.10790503     -0.70781374      0.05291772     -3.04100037
       1.10790503     -0.60197824     -0.05291772     -7.27994251
       1.10790503     -0.60197824      0.05291772      7.27991629
       1.21374047     -0.70781374     -0.05291772     -2.11787081
       1.21374047     -0.70781374      0.05291772      2.11784792
       1.21374047     -0.60197824     -0.05291772      5.58257961
       1.21374047     -0.60197824      0.05291772     -5.58255672
      -1.21374047     -0.70781374     -0.05291772      2.12199235
      -1.21374047     -0.70781374      0.05291772     -2.12196875
      -1.21374047     -0.60197824     -0.05291772     -5.58763409
      -1.21374047     -0.60197824      0.05291772      5.58760977
      -1.10790503     -0.70781374     -0.05291772     -3.04514408
      -1.10790503     -0.70781374      0.05291772      3.04511619
      -1.10790503     -0.60197824     -0.05291772      7.28520584
      -1.10790503     -0.60197824      0.05291772     -7.28517771
      -0.05291772      1.25795424     -0.05291772     -0.39598522
      -0.05291772      1.25795424      0.05291772      0.39600766
      -0.05291772      1.36378968     -0.05291772      5.33742142
      -0.05291772      1.36378968      0.05291772     -5.33744144
       0.05291772      1.25795424     -0.05291772      0.39590245
       0.05291772      1.25795424      0.05291772     -0.39592493
       0.05291772      1.36378968     -0.05291772     -5.33734655
       0.05291772      1.36378968      0.05291772      5.33736658
       1.08576000     -1.71586883     -0.05291772     -0.89240104
       1.08576000     -1.71586883      0.05291772      0.89240545
       1.08576000     -1.61003339     -0.05291772      1.00745046
       1.08576000     -1.61003339      0.05291772     -1.00745654
       1.19159555     -1.71586883     -0.05291772      0.78238344
       1.19159555     -1.71586883      0.05291772     -0.78238738
       1.19159555     -1.61003339     -0.05291772     -0.77685112
       1.19159555     -1.61003339      0.05291772      0.77685648
      -1.19159555     -1.71586883     -0.05291772     -0.78193021
      -1.19159555     -1.71586883      0.05291772      0.78193283
      -1.19159555     -1.61003339     -0.05291772      0.77615708
      -1.19159555     -1.61003339      0.05291772     -0.77616084
      -1.08576000     -1.71586883     -0.05291772      0.89207405
      -1.08576000     -1.71586883      0.05291772     -0.89207721
      -1.08576000     -1.61003339     -0.05291772     -1.00694048
      -1.08576000     -1.61003339      0.05291772      1.00694501
 48              0.    # Energy 2->5
       0.0000      0.0000      0.0000   1.000  # Electr. mom., scale-fac
       0.0000     -0.4270      0.0000          # Magnetic mom.          
      -0.05291772      0.02455806     -0.05291772    -11.42186260
      -0.05291772      0.02455806      0.05291772     11.42187977
      -0.05291772      0.13039351     -0.05291772     16.78170204
      -0.05291772      0.13039351      0.05291772    -16.78171921
       0.05291772      0.02455806     -0.05291772     11.42205524
       0.05291772      0.02455806      0.05291772    -11.42207241
       0.05291772      0.13039351     -0.05291772    -16.78190231
       0.05291772      0.13039351      0.05291772     16.78191757
       1.10790503     -0.70781374     -0.05291772    -13.40462112
       1.10790503     -0.70781374      0.05291772     13.40463066
       1.10790503     -0.60197824     -0.05291772     14.90290642
       1.10790503     -0.60197824      0.05291772    -14.90291595
       1.21374047     -0.70781374     -0.05291772     11.74416733
       1.21374047     -0.70781374      0.05291772    -11.74417686
       1.21374047     -0.60197824     -0.05291772    -12.94704723
       1.21374047     -0.60197824      0.05291772     12.94705677
      -1.21374047     -0.70781374     -0.05291772    -11.74509048
      -1.21374047     -0.70781374      0.05291772     11.74509716
      -1.21374047     -0.60197824     -0.05291772     12.94811153
      -1.21374047     -0.60197824      0.05291772    -12.94811726
      -1.10790503     -0.70781374     -0.05291772     13.40553665
      -1.10790503     -0.70781374      0.05291772    -13.40554428
      -1.10790503     -0.60197824     -0.05291772    -14.90398788
      -1.10790503     -0.60197824      0.05291772     14.90399456
      -0.05291772      1.25795424     -0.05291772      2.74679184
      -0.05291772      1.25795424      0.05291772     -2.74677968
      -0.05291772      1.36378968     -0.05291772      0.18106896
      -0.05291772      1.36378968      0.05291772     -0.18108112
       0.05291772      1.25795424     -0.05291772     -2.74676728
       0.05291772      1.25795424      0.05291772      2.74675512
       0.05291772      1.36378968     -0.05291772     -0.18108296
       0.05291772      1.36378968      0.05291772      0.18109524
       1.08576000     -1.71586883     -0.05291772     -1.45858431
       1.08576000     -1.71586883      0.05291772      1.45858574
       1.08576000     -1.61003339     -0.05291772      1.99553502
       1.08576000     -1.61003339      0.05291772     -1.99553728
       1.19159555     -1.71586883     -0.05291772      1.37897134
       1.19159555     -1.71586883      0.05291772     -1.37897277
       1.19159555     -1.61003339     -0.05291772     -1.85844731
       1.19159555     -1.61003339      0.05291772      1.85844946
      -1.19159555     -1.71586883     -0.05291772     -1.37908578
      -1.19159555     -1.71586883      0.05291772      1.37908792
      -1.19159555     -1.61003339     -0.05291772      1.85863435
      -1.19159555     -1.61003339      0.05291772     -1.85863733
      -1.08576000     -1.71586883     -0.05291772      1.45868814
      -1.08576000     -1.71586883      0.05291772     -1.45869040
      -1.08576000     -1.61003339     -0.05291772     -1.99569964
      -1.08576000     -1.61003339      0.05291772      1.99570262
&TRANSITION 3->...
 48              0.    # Energy 3->4
       2.6182      0.0004      0.0000   1.000  # Electr. mom., scale-fac
       0.0000      0.0000     -0.1030          # Magnetic mom.          
      -0.05291772      0.02455806     -0.05291772     -0.18596016
      -0.05291772      0.02455806      0.05291772     -0.18564795
      -0.05291772      0.13039351     -0.05291772     -0.16728817
      -0.05291772      0.13039351      0.05291772     -0.16753900
       0.05291772      0.02455806     -0.05291772      0.18597122
       0.05291772      0.02455806      0.05291772      0.18567194
       0.05291772      0.13039351     -0.05291772      0.16733871
       0.05291772      0.13039351      0.05291772      0.16757886
       1.10790503     -0.70781374     -0.05291772      6.59748650
       1.10790503     -0.70781374      0.05291772      6.59730530
       1.10790503     -0.60197824     -0.05291772     -6.04376411
       1.10790503     -0.60197824      0.05291772     -6.04355001
       1.21374047     -0.70781374     -0.05291772     -5.94955015
       1.21374047     -0.70781374      0.05291772     -5.94938612
       1.21374047     -0.60197824     -0.05291772      5.56970024
       1.21374047     -0.60197824      0.05291772      5.56951141
      -1.21374047     -0.70781374     -0.05291772      5.95130205
      -1.21374047     -0.70781374      0.05291772      5.95101213
      -1.21374047     -0.60197824     -0.05291772     -5.57127047
      -1.21374047     -0.60197824      0.05291772     -5.57094812
      -1.10790503     -0.70781374     -0.05291772     -6.59891701
      -1.10790503     -0.70781374      0.05291772     -6.59860897
      -1.10790503     -0.60197824     -0.05291772      6.04493904
      -1.10790503     -0.60197824      0.05291772      6.04458809
      -0.05291772      1.25795424     -0.05291772      0.68281436
      -0.05291772      1.25795424      0.05291772      0.68280047
      -0.05291772      1.36378968     -0.05291772     -0.53434271
      -0.05291772      1.36378968      0.05291772     -0.53430796
       0.05291772      1.25795424     -0.05291772     -0.68273401
       0.05291772      1.25795424      0.05291772     -0.68271714
       0.05291772      1.36378968     -0.05291772      0.53428108
       0.05291772      1.36378968      0.05291772      0.53424394
       1.08576000     -1.71586883     -0.05291772      0.96180350
       1.08576000     -1.71586883      0.05291772      0.96178991
       1.08576000     -1.61003339     -0.05291772     -1.39694130
       1.08576000     -1.61003339      0.05291772     -1.39692342
       1.19159555     -1.71586883     -0.05291772     -0.83988297
       1.19159555     -1.71586883      0.05291772     -0.83986741
       1.19159555     -1.61003339     -0.05291772      1.21336925
       1.19159555     -1.61003339      0.05291772      1.21334946
      -1.19159555     -1.71586883     -0.05291772      0.84032315
      -1.19159555     -1.71586883      0.05291772      0.84028459
      -1.19159555     -1.61003339     -0.05291772     -1.21396554
      -1.19159555     -1.61003339      0.05291772     -1.21391368
      -1.08576000     -1.71586883     -0.05291772     -0.96221775
      -1.08576000     -1.71586883      0.05291772     -0.96218163
      -1.08576000     -1.61003339     -0.05291772      1.39750469
      -1.08576000     -1.61003339      0.05291772      1.39745557
 48              0.    # Energy 3->5
      -2.9409      0.0001      0.0000   1.000  # Electr. mom., scale-fac
       0.0000      0.0000      0.0694          # Magnetic mom.          
      -0.05291772      0.02455806     -0.05291772      8.00011730
      -0.05291772      0.02455806      0.05291772      8.00002575
      -0.05291772      0.13039351     -0.05291772     -5.26219749
      -0.05291772      0.13039351      0.05291772     -5.26212740
       0.05291772      0.02455806     -0.05291772     -8.00062847
       0.05291772      0.02455806      0.05291772     -8.00052738
       0.05291772      0.13039351     -0.05291772      5.26274061
       0.05291772      0.13039351      0.05291772      5.26266098
       1.10790503     -0.70781374     -0.05291772    -10.60340691
       1.10790503     -0.70781374      0.05291772    -10.60332298
       1.10790503     -0.60197824     -0.05291772     10.60582161
       1.10790503     -0.60197824      0.05291772     10.60571575
       1.21374047     -0.70781374     -0.05291772      9.48437119
       1.21374047     -0.70781374      0.05291772      9.48429203
       1.21374047     -0.60197824     -0.05291772     -9.52160263
       1.21374047     -0.60197824      0.05291772     -9.52150726
      -1.21374047     -0.70781374     -0.05291772     -9.48458958
      -1.21374047     -0.70781374      0.05291772     -9.48446655
      -1.21374047     -0.60197824     -0.05291772      9.52192116
      -1.21374047     -0.60197824      0.05291772      9.52178669
      -1.10790503     -0.70781374     -0.05291772     10.60389137
      -1.10790503     -0.70781374      0.05291772     10.60375881
      -1.10790503     -0.60197824     -0.05291772    -10.60640240
      -1.10790503     -0.60197824      0.05291772    -10.60625267
      -0.05291772      1.25795424     -0.05291772     -0.91060513
      -0.05291772      1.25795424      0.05291772     -0.91056663
      -0.05291772      1.36378968     -0.05291772      0.71864223
      -0.05291772      1.36378968      0.05291772      0.71860397
       0.05291772      1.25795424     -0.05291772      0.91053784
       0.05291772      1.25795424      0.05291772      0.91050124
       0.05291772      1.36378968     -0.05291772     -0.71860117
       0.05291772      1.36378968      0.05291772     -0.71856475
       1.08576000     -1.71586883     -0.05291772     -1.36653984
       1.08576000     -1.71586883      0.05291772     -1.36652839
       1.08576000     -1.61003339     -0.05291772      1.98742425
       1.08576000     -1.61003339      0.05291772      1.98741019
       1.19159555     -1.71586883     -0.05291772      1.21495748
       1.19159555     -1.71586883      0.05291772      1.21494389
       1.19159555     -1.61003339     -0.05291772     -1.76005483
       1.19159555     -1.61003339      0.05291772     -1.76003766
      -1.19159555     -1.71586883     -0.05291772     -1.21485341
      -1.19159555     -1.71586883      0.05291772     -1.21483052
      -1.19159555     -1.61003339     -0.05291772      1.75991058
      -1.19159555     -1.61003339      0.05291772      1.75988007
      -1.08576000     -1.71586883     -0.05291772      1.36644459
      -1.08576000     -1.71586883      0.05291772      1.36642432
      -1.08576000     -1.61003339     -0.05291772     -1.98729837
      -1.08576000     -1.61003339      0.05291772     -1.98727119
&TRANSITION 4->...
 48              0.    # Energy 4->5
       0.0009      1.1093      0.0000   1.000  # Electr. mom., scale-fac
       0.0000      0.0000      0.0000          # Magnetic mom.          
      -0.05291772      0.02455806     -0.05291772     -0.88789946
      -0.05291772      0.02455806      0.05291772     -0.88787985
      -0.05291772      0.13039351     -0.05291772      0.96640432
      -0.05291772      0.13039351      0.05291772      0.96633661
       0.05291772      0.02455806     -0.05291772     -0.88455206
       0.05291772      0.02455806      0.05291772     -0.88453072
       0.05291772      0.13039351     -0.05291772      0.96433777
       0.05291772      0.13039351      0.05291772      0.96427816
       1.10790503     -0.70781374     -0.05291772     -1.01244903
       1.10790503     -0.70781374      0.05291772     -1.01240456
       1.10790503     -0.60197824     -0.05291772      0.70652032
       1.10790503     -0.60197824      0.05291772      0.70653552
       1.21374047     -0.70781374     -0.05291772      1.62841749
       1.21374047     -0.70781374      0.05291772      1.62833595
       1.21374047     -0.60197824     -0.05291772     -1.35714185
       1.21374047     -0.60197824      0.05291772     -1.35710776
      -1.21374047     -0.70781374     -0.05291772      1.63417399
      -1.21374047     -0.70781374      0.05291772      1.63417113
      -1.21374047     -0.60197824     -0.05291772     -1.36288655
      -1.21374047     -0.60197824      0.05291772     -1.36293471
      -1.10790503     -0.70781374     -0.05291772     -1.01885641
      -1.10790503     -0.70781374      0.05291772     -1.01889801
      -1.10790503     -0.60197824     -0.05291772      0.71287793
      -1.10790503     -0.60197824      0.05291772      0.71298325
      -0.05291772      1.25795424     -0.05291772     -0.03327145
      -0.05291772      1.25795424      0.05291772     -0.03324533
      -0.05291772      1.36378968     -0.05291772      0.00879497
      -0.05291772      1.36378968      0.05291772      0.00877599
       0.05291772      1.25795424     -0.05291772     -0.03379385
       0.05291772      1.25795424      0.05291772     -0.03378490
       0.05291772      1.36378968     -0.05291772      0.00920508
       0.05291772      1.36378968      0.05291772      0.00920213
       1.08576000     -1.71586883     -0.05291772     -0.59188640
       1.08576000     -1.71586883      0.05291772     -0.59185946
       1.08576000     -1.61003339     -0.05291772      0.80186808
       1.08576000     -1.61003339      0.05291772      0.80182844
       1.19159555     -1.71586883     -0.05291772      0.63241804
       1.19159555     -1.71586883      0.05291772      0.63238615
       1.19159555     -1.61003339     -0.05291772     -0.86235118
       1.19159555     -1.61003339      0.05291772     -0.86230409
      -1.19159555     -1.71586883     -0.05291772      0.63317347
      -1.19159555     -1.71586883      0.05291772      0.63315719
      -1.19159555     -1.61003339     -0.05291772     -0.86344409
      -1.19159555     -1.61003339      0.05291772     -0.86341774
      -1.08576000     -1.71586883     -0.05291772     -0.59272707
      -1.08576000     -1.71586883      0.05291772     -0.59271663
      -1.08576000     -1.61003339     -0.05291772      0.80308944
      -1.08576000     -1.61003339      0.05291772      0.80307186
&PERMANENT MOMENTS
 48              0.    # Energy 1->1
       0.0002     -4.2979      0.0000          # Electr. mom.           
      -0.05291772      0.02455806     -0.05291772      3.34739780
      -0.05291772      0.02455806      0.05291772      3.34704161
      -0.05291772      0.13039351     -0.05291772     -2.75989652
      -0.05291772      0.13039351      0.05291772     -2.75956106
       0.05291772      0.02455806     -0.05291772      3.34792805
       0.05291772      0.02455806      0.05291772      3.34813595
       0.05291772      0.13039351     -0.05291772     -2.76026940
       0.05291772      0.13039351      0.05291772     -2.76037645
       1.10790503     -0.70781374     -0.05291772     10.06576729
       1.10790503     -0.70781374      0.05291772     10.06619644
       1.10790503     -0.60197824     -0.05291772    -15.07542801
       1.10790503     -0.60197824      0.05291772    -15.07595539
       1.21374047     -0.70781374     -0.05291772    -12.28993607
       1.21374047     -0.70781374      0.05291772    -12.29027653
       1.21374047     -0.60197824     -0.05291772     16.29248238
       1.21374047     -0.60197824      0.05291772     16.29290009
      -1.21374047     -0.70781374     -0.05291772    -12.28892040
      -1.21374047     -0.70781374      0.05291772    -12.28904533
      -1.21374047     -0.60197824     -0.05291772     16.29143333
      -1.21374047     -0.60197824      0.05291772     16.29160118
      -1.10790503     -0.70781374     -0.05291772     10.06461334
      -1.10790503     -0.70781374      0.05291772     10.06479263
      -1.10790503     -0.60197824     -0.05291772    -15.07424450
      -1.10790503     -0.60197824      0.05291772    -15.07448006
      -0.05291772      1.25795424     -0.05291772      0.40679494
      -0.05291772      1.25795424      0.05291772      0.40675092
      -0.05291772      1.36378968     -0.05291772     -0.45392719
      -0.05291772      1.36378968      0.05291772     -0.45388997
       0.05291772      1.25795424     -0.05291772      0.40671971
       0.05291772      1.25795424      0.05291772      0.40669283
       0.05291772      1.36378968     -0.05291772     -0.45386446
       0.05291772      1.36378968      0.05291772     -0.45383647
       1.08576000     -1.71586883     -0.05291772     -0.15509585
       1.08576000     -1.71586883      0.05291772     -0.15508480
       1.08576000     -1.61003339     -0.05291772      0.24835238
       1.08576000     -1.61003339      0.05291772      0.24833851
       1.19159555     -1.71586883     -0.05291772     -0.51312977
       1.19159555     -1.71586883      0.05291772     -0.51313919
       1.19159555     -1.61003339     -0.05291772      0.88653660
       1.19159555     -1.61003339      0.05291772      0.88654560
      -1.19159555     -1.71586883     -0.05291772     -0.51301438
      -1.19159555     -1.71586883      0.05291772     -0.51299745
      -1.19159555     -1.61003339     -0.05291772      0.88636374
      -1.19159555     -1.61003339      0.05291772      0.88633728
      -1.08576000     -1.71586883     -0.05291772     -0.15522367
      -1.08576000     -1.71586883      0.05291772     -0.15524141
      -1.08576000     -1.61003339     -0.05291772      0.24854343
      -1.08576000     -1.61003339      0.05291772      0.24856836
 48              0.    # Energy 2->2
       0.0001     -1.3753      0.0000          # Electr. mom.           
      -0.05291772      0.02455806     -0.05291772      5.43120146
      -0.05291772      0.02455806      0.05291772      5.43136787
      -0.05291772      0.13039351     -0.05291772     -5.42689943
      -0.05291772      0.13039351      0.05291772     -5.42705488
       0.05291772      0.02455806     -0.05291772      5.43155670
       0.05291772      0.02455806      0.05291772      5.43146086
       0.05291772      0.13039351     -0.05291772     -5.42718983
       0.05291772      0.13039351      0.05291772     -5.42712975
       1.10790503     -0.70781374     -0.05291772      3.35142899
       1.10790503     -0.70781374      0.05291772      3.35106707
       1.10790503     -0.60197824     -0.05291772     -7.21457529
       1.10790503     -0.60197824      0.05291772     -7.21417093
       1.21374047     -0.70781374     -0.05291772    -10.22429276
       1.21374047     -0.70781374      0.05291772    -10.22397137
       1.21374047     -0.60197824     -0.05291772     12.90673923
       1.21374047     -0.60197824      0.05291772     12.90638447
      -1.21374047     -0.70781374     -0.05291772    -10.22299290
      -1.21374047     -0.70781374      0.05291772    -10.22278976
      -1.21374047     -0.60197824     -0.05291772     12.90542984
      -1.21374047     -0.60197824      0.05291772     12.90520859
      -1.10790503     -0.70781374     -0.05291772      3.34999490
      -1.10790503     -0.70781374      0.05291772      3.34975886
      -1.10790503     -0.60197824     -0.05291772     -7.21313715
      -1.10790503     -0.60197824      0.05291772     -7.21287775
      -0.05291772      1.25795424     -0.05291772      1.87112880
      -0.05291772      1.25795424      0.05291772      1.87114084
      -0.05291772      1.36378968     -0.05291772     -1.54035926
      -0.05291772      1.36378968      0.05291772     -1.54036903
       0.05291772      1.25795424     -0.05291772      1.87121117
       0.05291772      1.25795424      0.05291772      1.87121844
       0.05291772      1.36378968     -0.05291772     -1.54044259
       0.05291772      1.36378968      0.05291772     -1.54045188
       1.08576000     -1.71586883     -0.05291772      0.39883846
       1.08576000     -1.71586883      0.05291772      0.39881763
       1.08576000     -1.61003339     -0.05291772     -0.40189934
       1.08576000     -1.61003339      0.05291772     -0.40186715
       1.19159555     -1.71586883     -0.05291772     -2.05826688
       1.19159555     -1.71586883      0.05291772     -2.05824423
       1.19159555     -1.61003339     -0.05291772      2.90692663
       1.19159555     -1.61003339      0.05291772      2.90689373
      -1.19159555     -1.71586883     -0.05291772     -2.05810332
      -1.19159555     -1.71586883      0.05291772     -2.05808473
      -1.19159555     -1.61003339     -0.05291772      2.90668488
      -1.19159555     -1.61003339      0.05291772      2.90665960
      -1.08576000     -1.71586883     -0.05291772      0.39866477
      -1.08576000     -1.71586883      0.05291772      0.39864525
      -1.08576000     -1.61003339     -0.05291772     -0.40164301
      -1.08576000     -1.61003339      0.05291772     -0.40161514
 48              0.    # Energy 3->3
       0.0013     -6.1815      0.0000          # Electr. mom.           
      -0.05291772      0.02455806     -0.05291772      3.04415727
      -0.05291772      0.02455806      0.05291772      3.04411054
      -0.05291772      0.13039351     -0.05291772     -2.68914318
      -0.05291772      0.13039351      0.05291772     -2.68909693
       0.05291772      0.02455806     -0.05291772      3.04471922
       0.05291772      0.02455806      0.05291772      3.04452562
       0.05291772      0.13039351     -0.05291772     -2.68917298
       0.05291772      0.13039351      0.05291772     -2.68900895
       1.10790503     -0.70781374     -0.05291772     14.15557289
       1.10790503     -0.70781374      0.05291772     14.15567589
       1.10790503     -0.60197824     -0.05291772    -18.11192894
       1.10790503     -0.60197824      0.05291772    -18.11198997
       1.21374047     -0.70781374     -0.05291772    -16.75231552
       1.21374047     -0.70781374      0.05291772    -16.75235748
       1.21374047     -0.60197824     -0.05291772     19.96489143
       1.21374047     -0.60197824      0.05291772     19.96490288
      -1.21374047     -0.70781374     -0.05291772    -16.74628639
      -1.21374047     -0.70781374      0.05291772    -16.74645996
      -1.21374047     -0.60197824     -0.05291772     19.95924759
      -1.21374047     -0.60197824      0.05291772     19.95940590
      -1.10790503     -0.70781374     -0.05291772     14.14887238
      -1.10790503     -0.70781374      0.05291772     14.14911366
      -1.10790503     -0.60197824     -0.05291772    -18.10577965
      -1.10790503     -0.60197824      0.05291772    -18.10600090
      -0.05291772      1.25795424     -0.05291772      0.48625794
      -0.05291772      1.25795424      0.05291772      0.48624328
      -0.05291772      1.36378968     -0.05291772     -0.53948212
      -0.05291772      1.36378968      0.05291772     -0.53946042
       0.05291772      1.25795424     -0.05291772      0.48551100
       0.05291772      1.25795424      0.05291772      0.48550767
       0.05291772      1.36378968     -0.05291772     -0.53889525
       0.05291772      1.36378968      0.05291772     -0.53888643
       1.08576000     -1.71586883     -0.05291772      0.72725719
       1.08576000     -1.71586883      0.05291772      0.72723430
       1.08576000     -1.61003339     -0.05291772     -1.00565517
       1.08576000     -1.61003339      0.05291772     -1.00563264
       1.19159555     -1.71586883     -0.05291772     -1.36106288
       1.19159555     -1.71586883      0.05291772     -1.36103332
       1.19159555     -1.61003339     -0.05291772      2.08131599
       1.19159555     -1.61003339      0.05291772      2.08128428
      -1.19159555     -1.71586883     -0.05291772     -1.36023319
      -1.19159555     -1.71586883      0.05291772     -1.36022532
      -1.19159555     -1.61003339     -0.05291772      2.08011866
      -1.19159555     -1.61003339      0.05291772      2.08011460
      -1.08576000     -1.71586883     -0.05291772      0.72629881
      -1.08576000     -1.71586883      0.05291772      0.72629797
      -1.08576000     -1.61003339     -0.05291772     -1.00426316
      -1.08576000     -1.61003339      0.05291772     -1.00426900
 48              0.    # Energy 4->4
      -0.0011     -4.2538      0.0000          # Electr. mom.           
      -0.05291772      0.02455806     -0.05291772      2.82080889
      -0.05291772      0.02455806      0.05291772      2.82073593
      -0.05291772      0.13039351     -0.05291772     -2.34217620
      -0.05291772      0.13039351      0.05291772     -2.34218812
       0.05291772      0.02455806     -0.05291772      2.82084584
       0.05291772      0.02455806      0.05291772      2.82079387
       0.05291772      0.13039351     -0.05291772     -2.34246445
       0.05291772      0.13039351      0.05291772     -2.34246445
       1.10790503     -0.70781374     -0.05291772     12.12760353
       1.10790503     -0.70781374      0.05291772     12.12757969
       1.10790503     -0.60197824     -0.05291772    -16.63742256
       1.10790503     -0.60197824      0.05291772    -16.63728333
       1.21374047     -0.70781374     -0.05291772    -13.97971821
       1.21374047     -0.70781374      0.05291772    -13.97968769
       1.21374047     -0.60197824     -0.05291772     17.60336304
       1.21374047     -0.60197824      0.05291772     17.60324478
      -1.21374047     -0.70781374     -0.05291772    -13.98443794
      -1.21374047     -0.70781374      0.05291772    -13.98432827
      -1.21374047     -0.60197824     -0.05291772     17.60773087
      -1.21374047     -0.60197824      0.05291772     17.60752487
      -1.10790503     -0.70781374     -0.05291772     12.13282776
      -1.10790503     -0.70781374      0.05291772     12.13271809
      -1.10790503     -0.60197824     -0.05291772    -16.64213943
      -1.10790503     -0.60197824      0.05291772    -16.64190292
      -0.05291772      1.25795424     -0.05291772      0.64670038
      -0.05291772      1.25795424      0.05291772      0.64674622
      -0.05291772      1.36378968     -0.05291772     -0.66449416
      -0.05291772      1.36378968      0.05291772     -0.66452199
       0.05291772      1.25795424     -0.05291772      0.64732379
       0.05291772      1.25795424      0.05291772      0.64731449
       0.05291772      1.36378968     -0.05291772     -0.66497916
       0.05291772      1.36378968      0.05291772     -0.66495872
       1.08576000     -1.71586883     -0.05291772     -0.03742807
       1.08576000     -1.71586883      0.05291772     -0.03742864
       1.08576000     -1.61003339     -0.05291772      0.03381942
       1.08576000     -1.61003339      0.05291772      0.03381198
       1.19159555     -1.71586883     -0.05291772     -0.55761641
       1.19159555     -1.71586883      0.05291772     -0.55760986
       1.19159555     -1.61003339     -0.05291772      0.98657793
       1.19159555     -1.61003339      0.05291772      0.98657972
      -1.19159555     -1.71586883     -0.05291772     -0.55829895
      -1.19159555     -1.71586883      0.05291772     -0.55828047
      -1.19159555     -1.61003339     -0.05291772      0.98756123
      -1.19159555     -1.61003339      0.05291772      0.98754925
      -1.08576000     -1.71586883     -0.05291772     -0.03664052
      -1.08576000     -1.71586883      0.05291772     -0.03665508
      -1.08576000     -1.61003339     -0.05291772      0.03267894
      -1.08576000     -1.61003339      0.05291772      0.03268769
 48              0.    # Energy 5->5
       0.0000     -4.1703      0.0000          # Electr. mom.           
      -0.05291772      0.02455806     -0.05291772      3.44691420
      -0.05291772      0.02455806      0.05291772      3.44660115
      -0.05291772      0.13039351     -0.05291772     -2.91195750
      -0.05291772      0.13039351      0.05291772     -2.91169167
       0.05291772      0.02455806     -0.05291772      3.44361329
       0.05291772      0.02455806      0.05291772      3.44381618
       0.05291772      0.13039351     -0.05291772     -2.90939450
       0.05291772      0.13039351      0.05291772     -2.90955758
       1.10790503     -0.70781374     -0.05291772     14.16570663
       1.10790503     -0.70781374      0.05291772     14.16587353
       1.10790503     -0.60197824     -0.05291772    -18.97990227
       1.10790503     -0.60197824      0.05291772    -18.98009109
       1.21374047     -0.70781374     -0.05291772    -16.42005157
       1.21374047     -0.70781374      0.05291772    -16.42016220
       1.21374047     -0.60197824     -0.05291772     20.25390244
       1.21374047     -0.60197824      0.05291772     20.25403404
      -1.21374047     -0.70781374     -0.05291772    -16.42077065
      -1.21374047     -0.70781374      0.05291772    -16.42072868
      -1.21374047     -0.60197824     -0.05291772     20.25476837
      -1.21374047     -0.60197824      0.05291772     20.25471497
      -1.10790503     -0.70781374     -0.05291772     14.16650200
      -1.10790503     -0.70781374      0.05291772     14.16649532
      -1.10790503     -0.60197824     -0.05291772    -18.98090172
      -1.10790503     -0.60197824      0.05291772    -18.98087502
      -0.05291772      1.25795424     -0.05291772      0.66668737
      -0.05291772      1.25795424      0.05291772      0.66664529
      -0.05291772      1.36378968     -0.05291772     -0.67761660
      -0.05291772      1.36378968      0.05291772     -0.67757565
       0.05291772      1.25795424     -0.05291772      0.66658455
       0.05291772      1.25795424      0.05291772      0.66658866
       0.05291772      1.36378968     -0.05291772     -0.67753887
       0.05291772      1.36378968      0.05291772     -0.67753392
       1.08576000     -1.71586883     -0.05291772      0.28620201
       1.08576000     -1.71586883      0.05291772      0.28618783
       1.08576000     -1.61003339     -0.05291772     -0.41962186
       1.08576000     -1.61003339      0.05291772     -0.41960922
       1.19159555     -1.71586883     -0.05291772     -0.94931978
       1.19159555     -1.71586883      0.05291772     -0.94929975
       1.19159555     -1.61003339     -0.05291772      1.53946614
       1.19159555     -1.61003339      0.05291772      1.53944540
      -1.19159555     -1.71586883     -0.05291772     -0.94939661
      -1.19159555     -1.71586883      0.05291772     -0.94936633
      -1.19159555     -1.61003339     -0.05291772      1.53957748
      -1.19159555     -1.61003339      0.05291772      1.53954136
      -1.08576000     -1.71586883     -0.05291772      0.28628078
      -1.08576000     -1.71586883      0.05291772      0.28625563
      -1.08576000     -1.61003339     -0.05291772     -0.41973519
      -1.08576000     -1.61003339      0.05291772     -0.41970605
